Number of nodes: 208
-1.3,0.0,1.0,0.0,0.34,0.1,-1.47,-0.16,1.87,-1.57,1.3,0.0,0.0,0.0,0.0,0.0,0.0,-1.1462631432272599,0.16679214456816277,0.9957298271898269,0.701681208653113,0.00423432667892387,0.7109702609100895,0.04633400481419605,0.0,0.0,0.8,0.0,0.0,0.0,1.0
-0.8,-0.65,0.7071067811865476,0.7071067811865476,0.34,0.1,-1.47,-0.16,1.87,-1.57,1.3,0.0,0.0,0.0,0.0,0.0,0.0,-0.8092314825304854,-0.4233517695848955,0.9957298271898269,0.6466485003551469,0.2724337811060823,0.6745821282765583,-0.22926950104746124,0.0,0.0,0.8,0.0,0.0,0.0,1.0
0.0,-1.2,0.0,1.0,0.34,0.1,-1.47,-0.16,1.87,-1.57,1.3,0.0,0.0,0.0,0.0,0.0,0.0,-0.16679214456816277,-1.0462631432272598,0.9957298271898269,0.4931694197613627,0.49915766197821515,0.5354949817151412,-0.4699688037078453,0.0,0.0,0.8,0.0,0.0,0.0,1.0
0.0,1.2,0.0,-1.0,0.34,0.1,-1.47,-0.16,1.87,-1.57,1.3,0.0,0.0,0.0,0.0,0.0,0.0,0.16679214456816277,1.0462631432272598,0.9957298271898269,0.49915766197821515,-0.4931694197613627,0.4699688037078453,0.5354949817151412,0.0,0.0,0.8,0.0,0.0,0.0,1.0
-0.8,0.65,0.7071067811865476,-0.7071067811865476,0.34,0.1,-1.47,-0.16,1.87,-1.57,1.3,0.0,0.0,0.0,0.0,0.0,0.0,-0.5733517695848955,0.6592314825304855,0.9957298271898269,0.6498893136896381,-0.26460976560083377,0.6391196162815241,0.31488357846169157,0.0,0.0,0.8,0.0,0.0,0.0,1.0
0.8,-0.65,-0.7071067811865476,0.7071067811865476,0.34,0.1,-1.47,-0.16,1.87,-1.57,1.3,0.0,0.0,0.0,0.0,0.0,0.0,0.5733517695848955,-0.6592314825304855,0.9957298271898269,-0.2646097656008338,-0.6498893136896384,-0.31488357846169174,0.6391196162815236,0.0,0.0,0.8,0.0,0.0,0.0,1.0
1.3,0.0,-1.0,0.0,0.34,0.1,-1.47,-0.16,1.87,-1.57,1.3,0.0,0.0,0.0,0.0,0.0,0.0,1.1462631432272599,-0.16679214456816277,0.9957298271898269,0.00423432667892387,-0.701681208653113,-0.04633400481419605,0.7109702609100895,0.0,0.0,0.8,0.0,0.0,0.0,1.0
0.8,0.65,-0.7071067811865476,-0.7071067811865476,0.34,0.1,-1.47,-0.16,1.87,-1.57,1.3,0.0,0.0,0.0,0.0,0.0,0.0,0.8092314825304854,0.4233517695848955,0.9957298271898269,0.2724337811060823,-0.6466485003551469,0.22926950104746124,0.6745821282765583,0.0,0.0,0.8,0.0,0.0,0.0,1.0
-1.3,0.0,1.0,0.0,0.34124999999999994,0.6099411386981096,-1.0030337984071895,-2.1089311571928837,1.54930734429069,1.5896426062465967,0.291691841195233,1.4093925865422596,0.0,0.0,0.0,-0.14034717091058718,-0.5419967647787939,-0.4820085174661111,-0.14317985926947716,0.8399149457524627,-0.30664033450902667,1.2879096774970777e-06,-3.1813491778562486e-06,0.9518254594411796,0.0,0.0,0.8,0.0,0.0,0.0,1.0
-1.3,0.0,1.0,0.0,0.3172920254662963,0.74538377640351,-0.8509468567650478,-2.1954054541432213,1.3773219003031505,1.630748576993572,0.2706320334790059,1.4540470105211085,0.0,0.0,0.0,-0.1320466912691029,-0.49322603940915316,-0.4270062770669889,-0.14319604675924694,0.8399173696010288,-0.30663972100447623,-5.851856916211766e-07,-3.984364720636475e-07,0.9518256570936695,0.0,0.0,0.8,0.0,0.0,0.0,1.0
-1.3,0.0,1.0,0.0,0.34124999999999994,0.6354238926437749,-0.8641114421656132,-2.16080875990618,1.7021223322059436,1.714494450489673,0.5325752077751624,1.4879485884722432,0.0,0.0,0.0,-0.14036155747736748,-0.44856455493873737,-0.48200093565156843,-0.13743310663086936,0.9361567579734322,-0.26211327320248645,-1.3147208110272538e-07,1.1292162376911842e-06,0.965037114317261,0.0,0.0,0.8,0.0,0.0,0.0,1.0
-1.3,0.0,1.0,0.0,0.33258233562079703,0.7509173471814369,-0.7402854115014713,-2.2236463869432814,1.4922309434827452,1.7494927692142812,0.4574847518574846,1.5086395397343872,0.0,0.0,0.0,-0.1320466966262056,-0.41603188917245515,-0.42700645866915965,-0.1374362949892058,0.9361689022953165,-0.2621128032881373,-4.415430201947073e-07,-3.153847440931236e-07,0.9650372419508688,0.0,0.0,0.8,0.0,0.0,0.0,1.0
-1.3,0.0,1.0,0.0,0.34124999999999994,0.6851205113451115,-0.6774742054462565,-2.256203304811074,1.7714877579369819,1.844290050611035,0.7448664925893486,1.564753309261309,0.0,0.0,0.0,-0.14036232318186712,-0.3468439366829728,-0.48200108862635904,-0.1330632344832089,1.033780699800559,-0.22954924639076843,-4.291313457706609e-07,9.733003535694043e-07,0.9732970479151258,0.0,0.0,0.8,0.0,0.0,0.0,1.0
-1.3,0.0,1.0,0.0,0.34124999999999994,0.7797681405115733,-0.5879120463263721,-2.290994876328526,1.5478537583635552,1.871660282946614,0.63527772872412,1.5513132827740475,0.0,0.0,0.0,-0.13204670156629897,-0.32713628539701006,-0.42700656906929857,-0.13306605961532925,1.0337957529473112,-0.22954898777574256,-2.7887126502973334e-07,-2.558976046736658e-07,0.9732971089091905,0.0,0.0,0.8,0.0,0.0,0.0,1.0
-1.3,0.0,1.0,0.0,0.15136184375871042,0.8508529952138538,-0.7625207437282209,-2.2652269263202243,1.8746544596997783,1.600509610297642,0.8790309432942208,1.6510193212394362,0.0,0.0,0.0,-0.02543772036152315,-0.3597225120096441,-0.4820001017735138,-0.03483606081632022,0.8347155697852338,-0.242618604011083,-1.3194424907705311e-07,-1.2595399536510468e-07,0.9701217516310414,0.0,0.0,0.8,0.0,0.0,0.0,1.0
-1.3,0.0,1.0,0.0,0.15487859892609154,0.9311099417943028,-0.679472212842048,-2.311513901263502,1.6528783214584493,1.6156343408082416,0.756940978884894,1.659878019122154,0.0,0.0,0.0,-0.023915478623409026,-0.34266221269341285,-0.42700656137537774,-0.03483472480513986,0.8347120546546045,-0.2426182993221957,-1.577815669472906e-07,-8.750690298400456e-08,0.9701218278309033,0.0,0.0,0.8,0.0,0.0,0.0,1.0
-1.3,0.0,1.0,0.0,0.24502060762737754,0.8559370719242385,-0.7503284767629053,-2.2737456980468482,1.8767105152647665,1.6105083257178083,0.8918469458917762,1.6562165901851995,0.0,0.0,0.0,-0.02543605581543289,-0.353042883108655,-0.4820000045077623,-0.03430297525809082,0.934419650865043,-0.23867605340278092,-1.685251891285889e-09,4.833277463785103e-09,0.9710992439148909,0.0,0.0,0.8,0.0,0.0,0.0,1.0
-1.3,0.0,1.0,0.0,0.24919997145167277,0.9347384815126084,-0.6702063410270951,-2.31796667913581,1.654643980514556,1.6242826724744528,0.7672389436018413,1.663275528017427,0.0,0.0,0.0,-0.023915478440465578,-0.33697828067678215,-0.42700656371968004,-0.03430319345514136,0.934431183605406,-0.23867577246977523,-1.477976721436973e-07,-8.164841750951341e-08,0.9710993129623393,0.0,0.0,0.8,0.0,0.0,0.0,1.0
-1.3,0.0,1.0,0.0,0.33868684969782054,0.8610425476104161,-0.7379743748303453,-2.2823478178560435,1.8784174283319712,1.6204715920756472,0.9045486606466419,1.661386632560949,0.0,0.0,0.0,-0.02543605802323621,-0.34632629391012804,-0.48200000453472946,-0.03377515755290467,1.0341462089809075,-0.2347736979078727,-1.7001880938172086e-09,4.803898571023119e-09,0.972050055691919,0.0,0.0,0.8,0.0,0.0,0.0,1.0
-1.3,0.0,1.0,0.0,0.34124999999999994,0.9389906060241844,-0.6556370106120062,-2.325763801079194,1.6564261747242657,1.6367333365217938,0.781653859835457,1.666161022254928,0.0,0.0,0.0,-0.02391547984496553,-0.32898780356657287,-0.42700656253387875,-0.03377537821446929,1.03415738139676,-0.23477337019642375,-1.7057925677637763e-07,-1.044783831066328e-07,0.9720501348421144,0.0,0.0,0.8,0.0,0.0,0.0,1.0
-1.3,0.0,1.0,0.0,0.15062369863337968,1.0404598162457288,-0.7728134095250271,-2.269786108573762,1.904357568064837,1.4102832383093695,1.0124202848066408,1.7248838706268885,0.0,0.0,0.0,0.08982666988698124,-0.35667948387486204,-0.4820001032738815,0.06338164104703872,0.8356982586422523,-0.25593716831168517,-1.1285922399208093e-07,-5.7491520832828154e-08,0.9666934187613879,0.0,0.0,0.8,0.0,0.0,0.0,1.0
-1.3,0.0,1.0,0.0,0.15322108626717754,1.1027631136766942,-0.6893070438858451,-2.3198402759216656,1.6831118646268104,1.4298694143206678,0.8825538886616632,1.7477042361236732,0.0,0.0,0.0,0.08449587072453997,-0.33909185117071905,-0.427006546757251,0.06338276094169945,0.8356947337317423,-0.25593676992410513,-6.03796416404346e-08,-1.0904639810877892e-08,0.9666935242365141,0.0,0.0,0.8,0.0,0.0,0.0,1.0
-1.3,0.0,1.0,0.0,0.24426374586543773,1.0466715272888634,-0.7615107282806657,-2.2796984882817832,1.9060638165740023,1.4207904099287414,1.0241736766126892,1.7297115101821172,0.0,0.0,0.0,0.08982834380032215,-0.35001292697338415,-0.4820000048221761,0.06409574079831104,0.9352826480768399,-0.2505939267206354,-1.6075209465986012e-09,5.743622964021558e-09,0.9680922909985044,0.0,0.0,0.8,0.0,0.0,0.0,1.0
-1.3,0.0,1.0,0.0,0.24742340938388263,1.1075161298115428,-0.6806812106138477,-2.327820607209549,1.684485621331847,1.4389302439770855,0.891805628975997,1.7512340251864538,0.0,0.0,0.0,0.08449587110403882,-0.3333110376092614,-0.4270065481608519,0.06409533859705863,0.9352941353897379,-0.2505935517288169,-5.4932775803709115e-08,-3.6814119656428202e-09,0.9680923880663114,0.0,0.0,0.8,0.0,0.0,0.0,1.0
-1.3,0.0,1.0,0.0,0.3379155517030779,1.0528872165835972,-0.7500177243800698,-2.2896513519928976,1.907435078971712,1.4312086088732734,1.0358575396718657,1.73449065896954,0.0,0.0,0.0,0.08982833955825553,-0.3433144593782863,-0.4820000048499429,0.06480143528259691,1.0348960667343137,-0.2453269071579723,-1.5850268005940438e-09,5.7074022519878385e-09,0.9694404100429812,0.0,0.0,0.8,0.0,0.0,0.0,1.0
-1.3,0.0,1.0,0.0,0.34124999999999994,1.1124107569399964,-0.6710382851346787,-2.336068696786572,1.685640766301975,1.4486010575321306,0.9017018150324929,1.754481654401657,0.0,0.0,0.0,0.08449587062639664,-0.3271338460813597,-0.42700654919733055,0.0648010342530187,1.0349068767245442,-0.24532653445100952,-5.65337850745512e-08,-5.822673939734041e-09,0.9694405043602492,0.0,0.0,0.8,0.0,0.0,0.0,1.0
-0.8000000000000003,-0.65,0.7071067811865476,0.7071067811865475,0.15170201258300287,0.06872233929725002,0.17389675314387218,-1.220693733337801,1.500004209474618,-1.0854254767582052,0.8997222493734315,0.054509001030369576,0.0,0.0,0.0,-0.3315728579477627,-0.47743329566061005,-0.1843067778232047,-0.43199505849630804,0.8344301463359781,0.16878777272403653,0.16879281727012274,0.6866685692309626,0.6866629075806967,0.0,0.0,0.8,0.0,0.0,0.0,1.0
-0.8000000000000003,-0.65,0.7071067811865476,0.7071067811865475,0.15148876360946673,0.15017237706173947,0.15920485310797158,-1.2425956355860739,1.5180568658568523,-1.0611772380291153,0.7957474288541013,0.034038021981931225,0.0,0.0,0.0,-0.25732046984946577,-0.4590115273108886,-0.18430740692738826,-0.37700626102100054,0.834433060910621,0.1687902950884827,0.16879042511215403,0.6866657248651352,0.6866657199612047,0.0,0.0,0.8,0.0,0.0,0.0,1.0
-0.8000000000000003,-0.65,0.7071067811865476,0.7071067811865475,0.23832814140122466,0.06872233929725002,0.1952109354207814,-1.2369966443917186,1.4940448045544885,-1.0838467854669027,0.9030164295167243,0.05643017816532181,0.0,0.0,0.0,-0.33157191700262595,-0.4596564409268256,-0.18259840427029883,-0.43199956601235545,0.9335559071394549,0.1598907084960233,0.15989083654667657,0.6887926463468343,0.6887921109185038,0.0,0.0,0.8,0.0,0.0,0.0,1.0
-0.8000000000000003,-0.65,0.7071067811865476,0.7071067811865475,0.23748941454934158,0.15016192920141816,0.18335324155351707,-1.2581443696939196,1.512443592590089,-1.0597740117550587,0.7990875422794678,0.037667963640943526,0.0,0.0,0.0,-0.2573204699753476,-0.44091747172314705,-0.18259919960022264,-0.37700626098302936,0.9335672300726853,0.15989077365645563,0.15989089420695438,0.6887923669690786,0.6887923617857378,0.0,0.0,0.8,0.0,0.0,0.0,1.0
-0.8000000000000003,-0.65,0.7071067811865476,0.7071067811865475,0.3253006222970501,0.06872233929725002,0.2160328500686971,-1.2526265221581385,1.4875819955200962,-1.0821760875162603,0.9065750225303295,0.06082958758271596,0.0,0.0,0.0,-0.33157184993727196,-0.4420574877475542,-0.1810821085638933,-0.43199990913986486,1.0328330845942997,0.15206277206247235,0.15206279732694802,0.6905628057108613,0.690562691137107,0.0,0.0,0.8,0.0,0.0,0.0,1.0
-0.8000000000000003,-0.65,0.7071067811865476,0.7071067811865475,0.323838928633415,0.1501647617204626,0.20693288336622173,-1.2730122368670918,1.5061482750105613,-1.058300555516825,0.8028077953124666,0.04379032274814084,0.0,0.0,0.0,-0.25732047013876147,-0.42300909367971773,-0.18108289393909824,-0.37700626042057483,1.03284440846563,0.1520627868042564,0.15206289808686999,0.6905627385382939,0.690562732876049,0.0,0.0,0.8,0.0,0.0,0.0,1.0
-0.8000000000000003,-0.65,0.7071067811865476,0.7071067811865475,0.3232106972475557,0.15159151344461963,-0.06488535114114648,-1.1080546588888394,1.2797764270921475,-1.1746829975964583,1.0032509258404507,1.0259709566474842,0.0,0.0,0.0,-0.39165698749443584,-0.6110101605041766,-0.1240044325122724,-0.43199462698407204,0.9008558143423825,0.5028877164714705,0.5028879903110335,0.49709905059181575,0.4970916894535204,0.0,0.0,0.8,0.0,0.0,0.0,1.0
-0.8000000000000003,-0.65,0.7071067811865476,0.7071067811865475,0.32870830942149837,0.2300667447282931,-0.09266646394396419,-1.1294817456385313,1.2891732519678691,-1.1557731980295551,0.9119955301649071,1.000988744808114,0.0,0.0,0.0,-0.32415857434980283,-0.5999285917973612,-0.12399528268880933,-0.3770062538481188,0.9008572394909927,0.5028878507898408,0.5028879581552772,0.4970952837163678,0.49709535300315844,0.0,0.0,0.8,0.0,0.0,0.0,1.0
-0.8000000000000003,-0.65,0.7071067811865476,0.7071067811865475,0.34124999999999994,0.1311203841348586,0.03795396659068384,-1.1994425502909172,1.3260313665242067,-1.1873847364915548,0.9741627586779071,0.9684527262228059,0.0,0.0,0.0,-0.3916618205906214,-0.5256849939445914,-0.12286085958183758,-0.4319995967383562,0.9870775413540082,0.4543069234820674,0.45430783518756435,0.5418531647246962,0.5418530779106813,0.0,0.0,0.8,0.0,0.0,0.0,1.0
-0.8000000000000003,-0.65,0.7071067811865476,0.7071067811865475,0.34124999999999994,0.20808323525102204,0.025039602919623597,-1.219842178991047,1.345305104324988,-1.1682404905032213,0.8758198410700899,0.9522593344515736,0.0,0.0,0.0,-0.32415857541700827,-0.5106692265146547,-0.12286593464409126,-0.3770062567569127,0.987092953146724,0.45430737945180094,0.45430746806935113,0.5418530627729936,0.5418531053667396,0.0,0.0,0.8,0.0,0.0,0.0,1.0
-0.8000000000000003,-0.65,0.7071067811865476,0.7071067811865475,0.34124999999999994,0.1261585945905171,0.16960754357262964,-1.3040726813030423,1.3156979254343937,-1.1900808384700807,0.9774756199280674,0.9521648417750714,0.0,0.0,0.0,-0.3916606124840049,-0.4101727198579839,-0.1191468130636908,-0.4319996722141377,1.0736396389266747,0.40122537949054166,0.40122577910389357,0.5822526905845072,0.582252413771078,0.0,0.0,0.8,0.0,0.0,0.0,1.0
-0.8000000000000003,-0.65,0.7071067811865476,0.7071067811865475,0.34124999999999994,0.2037920024227809,0.1640194368593353,-1.316627441740238,1.335730851578173,-1.174798695623355,0.8784739562444704,0.9395735992953145,0.0,0.0,0.0,-0.3241585760530929,-0.3977063079964479,-0.11915016767816651,-0.3770062536036127,1.0736506386930886,0.4012255739133046,0.4012256447463616,0.58225251483208,0.5822525481331312,0.0,0.0,0.8,0.0,0.0,0.0,1.0
-0.8000000000000003,-0.65,0.7071067811865476,0.7071067811865475,0.17832234723542592,0.40206558118144137,0.028942664431391093,-1.2420714812518872,0.643849120119338,-1.247326459324594,1.343030859414,1.106357828280183,0.0,0.0,0.0,-0.43833999823921943,-0.406914124600158,-0.020942628519863456,-0.43199986279716995,0.8789500058016345,0.4229480641240265,0.42294741209280207,0.5666692049443179,0.5666713631599133,0.0,0.0,0.8,0.0,0.0,0.0,1.0
-0.8000000000000003,-0.65,0.7071067811865476,0.7071067811865475,0.24575227116886356,0.5054440204999704,-0.0786260697848898,-1.175905339837536,0.5791454483451745,-1.2002696119265905,1.3082403881855484,0.992906069695226,0.0,0.0,0.0,-0.3769249188359365,-0.46620084025577946,-0.020943506538917932,-0.37700612359960267,0.8789497798652215,0.4229475066796127,0.4229479293230852,0.5666702348605545,0.5666703632605974,0.0,0.0,0.8,0.0,0.0,0.0,1.0
-0.8000000000000003,-0.65,0.7071067811865476,0.7071067811865475,0.25970441519221293,0.40173140264677526,0.0563590272103051,-1.2513777352695377,0.6440651220201349,-1.2456426275496357,1.343030859414,1.1178635791981342,0.0,0.0,0.0,-0.4383402597652622,-0.3867713024749605,-0.020575485626030027,-0.43199998962656494,0.9777390936344231,0.41812986706075067,0.41812987487492514,0.570234527310847,0.5702345183092772,0.0,0.0,0.8,0.0,0.0,0.0,1.0
-0.8000000000000003,-0.65,0.7071067811865476,0.7071067811865475,0.33659803627145035,0.5073272834798401,-0.053626263402751104,-1.139340967949566,0.5852930628951933,-1.1567401457901885,1.310405710110441,0.9764142331865174,0.0,0.0,0.0,-0.37692491308796705,-0.4570583826522736,-0.020576611487901374,-0.3770061455224141,0.9777503500755236,0.41812961235660673,0.41813002534536164,0.5702344580603098,0.5702346639900682,0.0,0.0,0.8,0.0,0.0,0.0,1.0
-0.8000000000000003,-0.65,0.7071067811865476,0.7071067811865475,0.34124999999999994,0.4011676780925055,0.08449818895562558,-1.2605817211771775,0.6442611959851062,-1.2435539354776088,1.343030859414,1.1382529475776768,0.0,0.0,0.0,-0.43834019669046687,-0.36651473273169105,-0.020381690557110584,-0.431999933325266,1.0771194718086303,0.4156718946975018,0.4156719476390845,0.5720287467681023,0.5720286887695699,0.0,0.0,0.8,0.0,0.0,0.0,1.0
-0.8000000000000003,-0.65,0.7071067811865476,0.7071067811865475,0.34124999999999994,0.5259945925780476,0.23048597469737284,-0.7996818521659362,0.6948049239768785,-0.7456998662469174,1.343030859414,0.9877841515824678,0.0,0.0,0.0,-0.37692512781034954,-0.35751917407233824,-0.02038082957529898,-0.3770076141563665,1.077141877068909,0.41567251555796353,0.41567056385179074,0.5720275560347873,0.5720304338876712,0.0,0.0,0.8,0.0,0.0,0.0,1.0
-0.8000000000000003,-0.65,0.7071067811865476,0.7071067811865475,0.34124999999999994,2.3925509939896403,-1.1667851911669926,-3.406664533738,1.5309190459390052,-0.024059225548890905,1.3399521264498722,-1.9896753472705,0.0,0.0,0.0,0.03912096878133953,-0.720752233324687,-0.4820009272061946,-0.026125379428905793,0.895598541009937,0.6857842828409124,4.901136532400806e-06,-1.570268445599046e-06,0.7278048621587304,0.0,0.0,0.8,0.0,0.0,0.0,1.0
-0.8000000000000003,-0.65,0.7071067811865476,0.7071067811865475,0.3408219523183358,2.293321369554831,-1.1440567705402251,-3.406664533738,1.4994387736803452,0.0035471354451105212,1.2474844131497158,-1.9896753472705,0.0,0.0,0.0,-0.022939894194656255,-0.6883682235310835,-0.4270062137654358,-0.026131000280044316,0.8956045262640124,0.6857843217356451,5.0959537706167916e-08,-1.5397085440900325e-08,0.7278048255278188,0.0,0.0,0.8,0.0,0.0,0.0,1.0
-0.8000000000000003,-0.65,0.7071067811865476,0.7071067811865475,0.34124999999999994,2.3877709572429735,-0.949610192148215,-3.398067854716987,1.6567194471550837,0.0013569477173605692,1.339287943008516,-1.9896753472705,0.0,0.0,0.0,0.03912352244701379,-0.610343387376086,-0.48200006705072057,-0.029000446818704288,1.020867955248463,0.8006678793720764,-2.8408184928668038e-08,1.308526636778616e-07,0.5991084600819824,0.0,0.0,0.8,0.0,0.0,0.0,1.0
-0.8000000000000003,-0.65,0.7071067811865476,0.7071067811865475,0.34124999999999994,2.2111602294240025,-0.9506228335537115,-3.2582825010629657,1.6385955092571616,0.1023436907318996,1.343030859414,-1.9894157830230912,0.0,0.0,0.0,-0.022949396619340243,-0.5806368006397217,-0.4269994613126217,-0.02900582784051506,1.0208630141511843,0.8006668439610095,4.044524850867372e-06,4.050148319639583e-06,0.599109843808925,0.0,0.0,0.8,0.0,0.0,0.0,1.0
-0.8000000000000003,-0.65,0.7071067811865476,0.7071067811865475,0.34124999999999994,2.3790439220865554,-0.6660862142147753,-3.3827821886817597,1.6555726492061458,0.0011908599676503163,1.343030859414,-1.9896753472705,0.0,0.0,0.0,0.039121911036039535,-0.48182071709520663,-0.4820000974700644,-0.03763738283051773,1.1398335190707802,0.8770479364997229,1.640187717396605e-07,1.0738950165915745e-06,0.480402869558871,0.0,0.0,0.8,0.0,0.0,0.0,1.0
-0.8000000000000003,-0.65,0.7071067811865476,0.7071067811865475,0.34124999999999994,2.236651004381323,-0.6652397172638613,-3.3027147312236766,1.6317157551361388,0.11086271585639443,1.343030859414,-1.9890251932210612,0.0,0.0,0.0,-0.022946830471732623,-0.4563957701929134,-0.4270000849818441,-0.03764157788675673,1.1398380305763618,0.8770472498573157,1.3999782826229124e-06,2.0430995331999195e-06,0.48040412312092523,0.0,0.0,0.8,0.0,0.0,0.0,1.0
-0.8000000000000003,-0.65,0.7071067811865476,0.7071067811865475,0.19764619451767862,2.3731711250233167,-0.5290014477039717,-3.405819501684857,1.1585489206514887,-0.11805470938055364,1.343030859414,-1.51000363184223,0.0,0.0,0.0,0.13751904978723012,-0.4999165157801676,-0.4820003782433045,0.057775822442191156,0.9462383945735978,0.9013323591209732,4.4196754092733226e-07,5.156239312793412e-07,0.4331281316203782,0.0,0.0,0.8,0.0,0.0,0.0,1.0
-0.8000000000000003,-0.65,0.7071067811865476,0.7071067811865475,0.2033052687033042,2.288728824577768,-0.5210102219416064,-3.406664533738,1.1206499508385641,-0.0786268951608774,1.276629273302906,-1.4917271675547374,0.0,0.0,0.0,0.07708066516659717,-0.48574245634384144,-0.42700629452331995,0.057777871724013156,0.9462352328338007,0.9013323934830185,4.7031790469420637e-08,4.5364870589202704e-08,0.4331280601140598,0.0,0.0,0.8,0.0,0.0,0.0,1.0
-0.8000000000000003,-0.65,0.7071067811865476,0.7071067811865475,0.28515543949890687,2.3729786205993637,-0.5023962485551994,-3.405605076287012,1.15664098817371,-0.11866025550772265,1.343030859414,-1.5194797983563442,0.0,0.0,0.0,0.1375206524596044,-0.48499628545644424,-0.48200001388008384,0.05707197350943322,1.0470939328064826,0.904586562349708,5.808596860221644e-07,1.065675198162603e-06,0.4262899848868899,0.0,0.0,0.8,0.0,0.0,0.0,1.0
-0.8000000000000003,-0.65,0.7071067811865476,0.7071067811865475,0.29146503170401816,2.288644499535417,-0.49636427970966424,-3.406664533738,1.119846405008669,-0.07739316277715762,1.2775722101664666,-1.5007613249698335,0.0,0.0,0.0,0.07708066449760367,-0.4720972023324027,-0.4270062940203815,0.05707098982742904,1.047104998761008,0.90458659682895,4.480406701528368e-08,4.0402541492044434e-08,0.42628991172371744,0.0,0.0,0.8,0.0,0.0,0.0,1.0
-0.8000000000000003,-0.65,0.7071067811865476,0.7071067811865475,0.34124999999999994,2.372242819996683,-0.3980457176655151,-3.406664533738,1.1351497152606476,-0.12496389286285116,1.343030859414,-1.5253616902435891,0.0,0.0,0.0,0.13752110821554636,-0.4308100336899134,-0.4820014156774983,0.05332347619574051,1.1513123519299109,0.9201745674450182,7.150896494611571e-07,4.047509898232631e-06,0.39150832099775357,0.0,0.0,0.8,0.0,0.0,0.0,1.0
-0.8000000000000003,-0.65,0.7071067811865476,0.7071067811865475,0.34124999999999994,2.2869439809834025,-0.38037577125555205,-3.406664533738,1.0957726912765697,-0.07697329846170138,1.282992293778446,-1.5173685794410274,0.0,0.0,0.0,0.07708065354453807,-0.41233706049693136,-0.4270062201048719,0.05331764017320591,1.1513147087166475,0.9201745976403155,1.4956559943015155e-08,-5.160054611482139e-08,0.3915082500503412,0.0,0.0,0.8,0.0,0.0,0.0,1.0
-0.8000000000000003,-0.65,0.7071067811865476,0.7071067811865475,0.18732091646950558,2.372096861804906,-0.3703927967791645,-3.406664533738,1.131979696251682,-0.12592832591949865,1.343030859414,-0.15707810147944667,0.0,0.0,0.0,0.21546111848492433,-0.4392420500300863,-0.48200008346918366,0.058943321797616965,0.9615627832761411,0.9570763266504855,2.0759948198920955e-08,5.405291213417796e-07,-0.2898359966686689,0.0,0.0,0.8,0.0,0.0,0.0,1.0
-0.8000000000000003,-0.65,0.7071067811865476,0.7071067811865475,0.1950846745599359,2.28710218079394,-0.3712900710494284,-3.406664533738,1.1013622210295608,-0.07494029934001982,1.2831013374876354,-0.13970243303325022,0.0,0.0,0.0,0.15800655218344328,-0.43257801367763454,-0.42700622545214817,0.058945270344767445,0.9615672047058269,0.9570763034306692,-3.869324458750698e-08,-9.852303788571916e-08,-0.28983607334401007,0.0,0.0,0.8,0.0,0.0,0.0,1.0
-0.8000000000000003,-0.65,0.7071067811865476,0.7071067811865475,0.27262528142675196,2.3719664703355074,-0.34284137914525714,-3.4064848748198155,1.1301036226908958,-0.1265107262604373,1.343030859414,-0.15522054396700313,0.0,0.0,0.0,0.21546369106982532,-0.42279585597504055,-0.48199994182210093,0.057271490715767245,1.0604058447773297,0.9530062492619745,1.491200188598988e-06,7.30852248655862e-07,-0.30295063767033986,0.0,0.0,0.8,0.0,0.0,0.0,1.0
-0.8000000000000003,-0.65,0.7071067811865476,0.7071067811865475,0.2805810712741527,2.2868239884362143,-0.345052821041683,-3.406664533738,1.1010667006967854,-0.07343557222389459,1.2841426148773225,-0.13855677966583324,0.0,0.0,0.0,0.1580065639278919,-0.4168941749939644,-0.42700636217520616,0.05727016458253904,1.0604168266401615,0.9530062210536651,1.2294782478501507e-07,1.2765305076925648e-07,-0.30295072641104775,0.0,0.0,0.8,0.0,0.0,0.0,1.0
-0.8000000000000003,-0.65,0.7071067811865476,0.7071067811865475,0.34124999999999994,2.371707330700395,-0.2835592298856733,-3.4064016517266986,1.1240059136864757,-0.12834916565220203,1.343030859414,-0.13920279387751447,0.0,0.0,0.0,0.21546553923729747,-0.38696073488838484,-0.48199979901046597,0.05321105616307363,1.1573098752025206,0.9419916544398462,3.816324898431174e-06,1.876367526166682e-06,-0.33563629563501657,0.0,0.0,0.8,0.0,0.0,0.0,1.0
-0.8000000000000003,-0.65,0.7071067811865476,0.7071067811865475,0.34124999999999994,2.285097454186659,-0.2669790644087438,-3.406664533738,1.084427095682327,-0.0729850803202213,1.288011883402801,-0.1316511358276921,0.0,0.0,0.0,0.15800656237249566,-0.37338649788405115,-0.4270063640873371,0.05320714476714601,1.1573273344503527,0.9419916242857254,1.3487056928240636e-07,1.829633368457808e-07,-0.33563638029195986,0.0,0.0,0.8,0.0,0.0,0.0,1.0
0.0,-1.2,6.123233995736766e-17,1.0,0.33940823132894127,1.061785099856835,-1.2075682191138182,-2.2403473830121707,2.001629602661278,1.093698531643175,0.8258689985384846,0.7502806945015287,0.0,0.0,0.0,0.15546392623805158,-0.5637622439002928,-0.07647344244096561,-0.4319997883199962,0.89167377722769,-0.47102979998421834,-0.4710316207872441,0.5273813398005253,0.527379429040963,0.0,0.0,0.8,0.0,0.0,0.0,1.0
0.0,-1.2,6.123233995736766e-17,1.0,0.33836223000895993,1.1338521187025312,-1.0654543063352273,-2.320297767047508,1.810798113620563,1.1355355957875264,0.7651675824941642,0.8159471421864886,0.0,0.0,0.0,0.1458139089583179,-0.5330253838403318,-0.07646977165052199,-0.37700634064665783,0.891674171911883,-0.47103034659655846,-0.4710302943669638,0.5273805354583307,0.5273809298726888,0.0,0.0,0.8,0.0,0.0,0.0,1.0
0.0,-1.2,6.123233995736766e-17,1.0,0.34124999999999994,1.1439918499290247,-1.0415251694837464,-2.3729592598760383,2.0923269430470026,1.2775135284304457,1.035284403428635,0.8708958333606293,0.0,0.0,0.0,0.1554687622082282,-0.4692264932858591,-0.0804230665331585,-0.4320014415622039,0.974808629765962,-0.4061204051506294,-0.4061226188286284,0.5788494586191003,0.5788470776055102,0.0,0.0,0.8,0.0,0.0,0.0,1.0
0.0,-1.2,6.123233995736766e-17,1.0,0.34124999999999994,1.1900001935091793,-0.9294992602183301,-2.4299018036640567,1.8883862713498853,1.3142681223540242,0.9368460843456508,0.9119211503326108,0.0,0.0,0.0,0.14581391458565138,-0.442942954567383,-0.08041528664154529,-0.3770064310822282,0.9748202599682653,-0.4061211996879652,-0.40612118494205884,0.5788484228261755,0.5788485619718815,0.0,0.0,0.8,0.0,0.0,0.0,1.0
0.0,-1.2,6.123233995736766e-17,1.0,0.34124999999999994,1.2396228310353703,-0.8316793828724378,-2.5333898119697724,2.1109527443143326,1.4302973194904145,1.2412130066473626,0.9985547246018152,0.0,0.0,0.0,0.15546926380508821,-0.3636485698796494,-0.08707588742047992,-0.4320020549551763,1.0610547981827734,-0.3442068229647172,-0.34420899801109817,0.6176750595134933,0.6176725261558377,0.0,0.0,0.8,0.0,0.0,0.0,1.0
0.0,-1.2,6.123233995736766e-17,1.0,0.34124999999999994,1.2678018888300522,-0.7529907292127694,-2.5671625332777164,1.9018674957628852,1.4542316084735782,1.1094925146952788,1.016081738091851,0.0,0.0,0.0,0.14581392102914828,-0.3422808671141484,-0.08706777437531503,-0.3770064572290346,1.0610683250252742,-0.34420770109405086,-0.34420771436547487,0.6176739071944238,0.6176739044593178,0.0,0.0,0.8,0.0,0.0,0.0,1.0
0.0,-1.2,6.123233995736766e-17,1.0,0.15505200179491987,1.015715037148133,-0.8569894169012013,-2.5224082253906723,2.108909528854472,1.6331436599570721,1.1299955310808685,0.865178396395805,0.0,0.0,0.0,0.034328729584651545,-0.38405040426398546,0.01489022420217941,-0.4320001820251085,0.8644362730231689,-0.36033407989199406,-0.36033421264199716,0.6084070946055972,0.6084072758454142,0.0,0.0,0.8,0.0,0.0,0.0,1.0
0.0,-1.2,6.123233995736766e-17,1.0,0.16122257724234407,1.0635539450016,-0.7893756954232642,-2.5495038643281753,1.9011155207963,1.6384924136266916,0.9957880455003827,0.8691738102863219,0.0,0.0,0.0,0.03215994900576461,-0.3674862952371282,0.014892115726609208,-0.37700647614683813,0.8644327709321951,-0.36033403708803,-0.36033409486726614,0.6084071867599873,0.6084072787950752,0.0,0.0,0.8,0.0,0.0,0.0,1.0
0.0,-1.2,6.123233995736766e-17,1.0,0.2499177979408707,1.020118469457733,-0.8446607412297991,-2.5300905094799178,2.1080229381531086,1.6397422460216824,1.140915921029625,0.8725024809871139,0.0,0.0,0.0,0.034326649234834354,-0.3784061863149879,0.014605392043926774,-0.43200000326764687,0.9639037492759457,-0.3578988207452395,-0.3578988239746842,0.6098429589154937,0.6098429563157227,0.0,0.0,0.8,0.0,0.0,0.0,1.0
0.0,-1.2,6.123233995736766e-17,1.0,0.25627302173214983,1.0671437301038618,-0.7793491918612576,-2.5558101910741122,1.9004806498691427,1.6441382157405287,1.0050517664830598,0.8750328731522851,0.0,0.0,0.0,0.03215994878925366,-0.3623296674516708,0.014605643661131727,-0.37700647507985774,0.9639150066836806,-0.35789872479532164,-0.3578987778453654,0.6098429550978626,0.6098430435154465,0.0,0.0,0.8,0.0,0.0,0.0,1.0
0.0,-1.2,6.123233995736766e-17,1.0,0.34124999999999994,1.0276829313150728,-0.8239390119052804,-2.5432848349692234,2.1060513666283542,1.6507374394168601,1.1590250276046876,0.8852175170668258,0.0,0.0,0.0,0.034326620554706894,-0.36879189779579635,0.014088883753416416,-0.4320000673730957,1.0630007024369919,-0.35357987291304893,-0.35357993849936736,0.612357153858175,0.6123570989874219,0.0,0.0,0.8,0.0,0.0,0.0,1.0
0.0,-1.2,6.123233995736766e-17,1.0,0.34124999999999994,1.0761256464676536,-0.7445122668169074,-2.571959666849194,1.896657153002897,1.6618309619464944,1.034277032128413,0.8860514962717169,0.0,0.0,0.0,0.03215994734893899,-0.34656998811147866,0.014089154101764718,-0.3770064760233005,1.063005216004523,-0.3535797308167462,-0.3535798114141441,0.6123571386361227,0.6123572696369955,0.0,0.0,0.8,0.0,0.0,0.0,1.0
0.0,-1.2,6.123233995736766e-17,1.0,0.15512270783386023,0.8203788332357581,-0.8130969231029286,-2.530696889101661,2.023530056955415,1.8732648486809835,1.0201405963854366,0.7311105034118156,0.0,0.0,0.0,-0.08821717864394171,-0.38412826662457605,0.11586749661187709,-0.4320001888164095,0.8662803363860647,-0.3688772505351444,-0.36887739520555457,0.6032655616864344,0.6032658646294753,0.0,0.0,0.8,0.0,0.0,0.0,1.0
0.0,-1.2,6.123233995736766e-17,1.0,0.16320314686972862,0.8865514530529253,-0.7487422624040316,-2.5501705196348157,1.818066417688879,1.8714610840142127,0.8926717851948723,0.7142234058548256,0.0,0.0,0.0,-0.08265706020769942,-0.36954469442812005,0.11586914551234216,-0.37700647709927804,0.8662767789605859,-0.36887730847728967,-0.36887733187233573,0.6032656133069523,0.6032658163054526,0.0,0.0,0.8,0.0,0.0,0.0,1.0
0.0,-1.2,6.123233995736766e-17,1.0,0.24955069567976307,0.8242110002484447,-0.7990277096339852,-2.5376674037991234,2.02216762017457,1.8789425943354032,1.0316728960358394,0.7386010729091345,0.0,0.0,0.0,-0.08821923384086251,-0.3780006036721698,0.11570831433770401,-0.43200000350023293,0.9659533298898625,-0.3674449965879266,-0.3674449998352209,0.6041392008070612,0.6041391997104628,0.0,0.0,0.8,0.0,0.0,0.0,1.0
0.0,-1.2,6.123233995736766e-17,1.0,0.25798628643128796,0.8895242846417691,-0.7374278285271376,-2.555636304002845,1.81715295611183,1.876041087526475,0.9026156167213601,0.7199159679542175,0.0,0.0,0.0,-0.08265706055029196,-0.36411665229365775,0.11570838403862527,-0.3770064759473809,0.9659645760995093,-0.3674449991374626,-0.3674450114382085,0.6041390966651022,0.6041392952446639,0.0,0.0,0.8,0.0,0.0,0.0,1.0
0.0,-1.2,6.123233995736766e-17,1.0,0.34124999999999994,0.8299975743949203,-0.7781159593748819,-2.548231227514285,2.019632713268838,1.887459290702663,1.0485490469107637,0.7499657460625897,0.0,0.0,0.0,-0.08821928994149425,-0.36879068835728773,0.11544535049580283,-0.4320000375707813,1.065457938369371,-0.36512543117676854,-0.36512546792502976,0.605543899103627,0.6055438864680934,0.0,0.0,0.8,0.0,0.0,0.0,1.0
0.0,-1.2,6.123233995736766e-17,1.0,0.34124999999999994,0.8976689366274314,-0.6976596097294703,-2.5708747791178435,1.8120257651146408,1.8911812428281973,0.9343310174622288,0.7331124403872874,0.0,0.0,0.0,-0.08265706067031661,-0.3465701324140204,0.11544539201653795,-0.3770064776639802,1.0654612663668908,-0.3651253365131316,-0.3651254229853922,0.6055438177405195,0.6055440520079011,0.0,0.0,0.8,0.0,0.0,0.0,1.0
0.0,-1.2,6.123233995736766e-17,1.0,0.25379936367005607,0.4933815975765017,-0.7390292357649771,-2.1957782488174122,1.839032064192761,1.9896753472705,0.6826493621197751,0.38080266265636625,0.0,0.0,0.0,-0.20853017842449648,-0.4818178431984576,0.22390897993798048,-0.4320094134058644,0.8967109507716118,-0.4887657822066195,-0.4887582221162723,0.5109888833409298,0.5109929271131661,0.0,0.0,0.8,0.0,0.0,0.0,1.0
0.0,-1.2,6.123233995736766e-17,1.0,0.26768258745923695,0.5888204024687539,-0.6731722266853493,-2.2083727433647455,1.6319821804195,1.9896753472705,0.5620833307156958,0.3833005036457106,0.0,0.0,0.0,-0.19565881905720683,-0.4682445326954279,0.2239270258770354,-0.3770065455713988,0.8967110555643686,-0.48876234087210485,-0.4887622040850801,0.5109902869480767,0.5109910064255897,0.0,0.0,0.8,0.0,0.0,0.0,1.0
0.0,-1.2,6.123233995736766e-17,1.0,0.34124999999999994,0.48844792841050827,-0.6798352288338473,-2.1799243478200325,1.8427007463078844,1.9896753472705,0.7040747124408566,0.4010551869657988,0.0,0.0,0.0,-0.20856380102851596,-0.46921763543601497,0.22400148210796095,-0.43200016572076316,0.9995597592564809,-0.49852829904084883,-0.4985247853741122,0.5014667942646007,0.5014714624713135,0.0,0.0,0.8,0.0,0.0,0.0,1.0
0.0,-1.2,6.123233995736766e-17,1.0,0.34124999999999994,0.5737680190600287,-0.5691364792636154,-2.1660708140329197,1.6377965114039674,1.9896753472705,0.5972484688427365,0.45185885725177616,0.0,0.0,0.0,-0.1956588072248533,-0.4429429490978149,0.22399903376348676,-0.3770065374817063,0.9995642658513929,-0.4985267075102398,-0.4985266757768618,0.5014685141606094,0.5014694454734229,0.0,0.0,0.8,0.0,0.0,0.0,1.0
0.0,-1.2,6.123233995736766e-17,1.0,0.34124999999999994,0.4634867747069989,-0.5548634882622404,-2.120601630782025,1.8358233813978508,1.9896753472705,0.7147135010615489,1.3824817617431797,0.0,0.0,0.0,-0.20855856799067232,-0.3636400727960433,0.19850723450285598,-0.43200007342612146,1.0441096650682367,-0.2474032293317116,-0.2474023041843609,0.6624128631573613,0.6624144780454126,0.0,0.0,0.8,0.0,0.0,0.0,1.0
0.0,-1.2,6.123233995736766e-17,1.0,0.34124999999999994,0.54915685264729,-0.45238892567613076,-2.0974617100592776,1.6311044264224348,1.9896753472705,0.6054966747299078,1.4310102479229343,0.0,0.0,0.0,-0.195658804233703,-0.342292150221691,0.1985097160783999,-0.37700656465851434,1.0441057685553816,-0.24740279288584038,-0.24740317699055095,0.6624131418740324,0.662414036354787,0.0,0.0,0.8,0.0,0.0,0.0,1.0
0.8,-0.65,-0.7071067811865475,0.7071067811865476,0.06745967619481164,2.6044761198985245,-0.27856263705902184,-3.406664533738,1.7398304914219702,-0.2079731511458662,1.343030859414,0.5427322379166715,0.0,0.0,0.0,0.26279844508525885,-0.21079342711059199,0.21880226748518894,-0.4319997253399018,0.97272992418154,-0.3973025581114225,-0.39731024622597344,0.5849331763000356,0.5849345474713625,0.0,0.0,0.8,0.0,0.0,0.0,1.0
0.8,-0.65,-0.7071067811865475,0.7071067811865476,0.1258622443531243,2.4878743307584466,-0.4670367519453512,-3.406664533738,1.8730304551628887,-0.05302755180003631,1.3403940766907927,0.5640679639441022,0.0,0.0,0.0,0.19138794814389523,-0.2875094819355341,0.2187905290191933,-0.37700621407880874,0.9727243599955613,-0.3973064687987142,-0.3973063530977139,0.5849339198629291,0.5849337920078472,0.0,0.0,0.8,0.0,0.0,0.0,1.0
0.8,-0.65,-0.7071067811865475,0.7071067811865476,0.16149866185982154,2.6036510908108466,-0.26218250483820804,-3.4050981375094773,1.7274174068590247,-0.2108050180326841,1.343030859414,0.5461433605905185,0.0,0.0,0.0,0.2627980767169091,-0.20157091032146776,0.2185915400427608,-0.43200001399832894,1.0722195888300288,-0.3951989446622536,-0.39520120022426963,0.5863585036789384,0.586359540420836,0.0,0.0,0.8,0.0,0.0,0.0,1.0
0.8,-0.65,-0.7071067811865475,0.7071067811865476,0.1583398963489112,2.477675195114322,-0.258569954810824,-3.3854535968947865,1.7333713509938524,-0.08394667744347177,1.343030859414,0.5046687437436439,0.0,0.0,0.0,0.19138797564966875,-0.18846378824413423,0.21859212811571593,-0.3770062460340167,1.0722302540417927,-0.3952000181832732,-0.395200178698961,0.5863589625169746,0.5863590465408263,0.0,0.0,0.8,0.0,0.0,0.0,1.0
0.8,-0.65,-0.7071067811865475,0.7071067811865476,0.34124999999999994,0.06872233929725002,-0.24918256495426658,-1.051023539615438,1.9132616415313068,-0.9854347967339715,0.4371232941278466,0.18930112070421617,0.0,0.0,0.0,-0.11085569207857804,-0.7207648902727617,0.48199972513549677,-0.170341535486084,0.8770333817229458,-1.5376265279541298e-06,0.587331546394941,0.8093464366969384,-3.5960424212903227e-06,0.0,0.0,0.8,0.0,0.0,0.0,1.0
0.8,-0.65,-0.7071067811865475,0.7071067811865476,0.34124999999999994,0.17040434234369337,-0.33142331842161254,-1.1189456289606172,1.8816720475997692,-0.9624516164002888,0.3347067931458165,0.15018505082882866,0.0,0.0,0.0,-0.04468415676246551,-0.688797532193985,0.4270063043459885,-0.17035277734105642,0.8770537466825051,-1.2282849607358905e-07,0.5873318300316691,0.8093462308750324,1.1827373154107379e-07,0.0,0.0,0.8,0.0,0.0,0.0,1.0
0.8,-0.65,-0.7071067811865475,0.7071067811865476,0.34124999999999994,0.06872233929725002,-0.09931528547584399,-1.2148645018012434,1.95707433248322,-1.0231238263271656,0.3977410680333223,0.05099847732210483,0.0,0.0,0.0,-0.11084298501747489,-0.6103417561387046,0.4819954699113994,-0.15672491649229348,0.9524709161226135,-2.5268787134682534e-06,0.4229666333306764,0.9061452571528955,-4.673411764036234e-06,0.0,0.0,0.8,0.0,0.0,0.0,1.0
0.8,-0.65,-0.7071067811865475,0.7071067811865476,0.34124999999999994,0.1774964130741164,-0.1681486640721054,-1.267813183824104,1.929464244776656,-1.0054323645678678,0.29095903920568833,0.01721162443399866,0.0,0.0,0.0,-0.04468415629150696,-0.5806273154645089,0.4270062667580571,-0.15672413360730827,0.9524772288505973,-1.365532110895639e-07,0.422966896607297,0.9061451342772678,7.521866978388059e-08,0.0,0.0,0.8,0.0,0.0,0.0,1.0
0.8,-0.65,-0.7071067811865475,0.7071067811865476,0.34124999999999994,0.06872233929725002,0.09133619794228724,-1.3869158154454264,1.9555880784283488,-1.0360103717374347,0.3963770512017084,0.06418350018739184,0.0,0.0,0.0,-0.11084731510583297,-0.48182101650203474,0.4819986985339763,-0.14286340317184826,1.0396700020566807,-7.294421201675837e-07,0.30403732741326867,0.9526601196316471,-1.5101163481961097e-06,0.0,0.0,0.8,0.0,0.0,0.0,1.0
0.8,-0.65,-0.7071067811865475,0.7071067811865476,0.34124999999999994,0.18338560610120555,0.0442673308385587,-1.4196786896762186,1.9316971558950893,-1.0210324587332587,0.28889349263559044,0.03699236167053609,0.0,0.0,0.0,-0.04468415675882663,-0.4563919603325204,0.427006229033815,-0.14286764777047808,1.0396808497413232,-1.2721831010103246e-07,0.30403751923387157,0.9526600584143831,3.3831998348704586e-08,0.0,0.0,0.8,0.0,0.0,0.0,1.0
0.8,-0.65,-0.7071067811865475,0.7071067811865476,0.14096094783308846,0.2161376318950822,0.11527509786287456,-1.3234543229042544,1.5018524765385493,-1.146378189772482,0.7033224211812589,0.07471041465852947,0.0,0.0,0.0,-0.20107067973359907,-0.4304352442830014,0.4820002419313147,-0.03192846894318098,0.8332444493792979,-3.558055236433465e-07,0.22119421882669085,0.9752297768000734,-4.921899515127278e-08,0.0,0.0,0.8,0.0,0.0,0.0,1.0
0.8,-0.65,-0.7071067811865475,0.7071067811865476,0.1389094260739688,0.31326836508389094,0.10338199772803791,-1.340358965213307,1.4796270629507777,-1.1302871845172449,0.6239103206386719,0.06580464148864253,0.0,0.0,0.0,-0.13772657796427204,-0.4094792904790132,0.4270062263348223,-0.031926104054890485,0.8332411647417424,-2.3284727690744065e-08,0.22119429464422014,0.9752297596037794,1.126619497186618e-09,0.0,0.0,0.8,0.0,0.0,0.0,1.0
0.8,-0.65,-0.7071067811865475,0.7071067811865476,0.2280762202020205,0.21663938254580686,0.13819784601215898,-1.3370235566904858,1.4964321928502589,-1.1463427288144146,0.7065386239429923,0.08084208574166708,0.0,0.0,0.0,-0.2010724160072167,-0.4140690024371262,0.4819999923078298,-0.030459110597065346,0.9325482122570928,-2.314327113783197e-09,0.2105263925322651,0.9775881740525254,-8.581580536964556e-09,0.0,0.0,0.8,0.0,0.0,0.0,1.0
0.8,-0.65,-0.7071067811865475,0.7071067811865476,0.22600463745939509,0.3139503192138504,0.12778373673816734,-1.351912694277393,1.4740800407209715,-1.1309460949847168,0.6273576382873521,0.07282377839243934,0.0,0.0,0.0,-0.1377265782355919,-0.39361190567147075,0.42700622510734143,-0.030459855863786738,0.9325595475146793,-2.0878024538311005e-08,0.2105264618329261,0.9775881591284282,6.229395264163453e-10,0.0,0.0,0.8,0.0,0.0,0.0,1.0
0.8,-0.65,-0.7071067811865475,0.7071067811865476,0.31557056593265803,0.21730309611965595,0.16060697005111652,-1.3497582333846028,1.4900766952894795,-1.1460162104865224,0.710378124596801,0.08787923429304313,0.0,0.0,0.0,-0.20107238469302735,-0.39796796933153533,0.4819999925982871,-0.02909872491010272,1.0319501453767406,-1.7088452250963641e-09,0.20069973709633165,0.9796528035633152,-8.376933462749982e-09,0.0,0.0,0.8,0.0,0.0,0.0,1.0
0.8,-0.65,-0.7071067811865475,0.7071067811865476,0.3134852607685378,0.3147960465146644,0.1515841728854292,-1.362655801334225,1.4675644139126476,-1.131321262819349,0.6314812990119475,0.08071341594198099,0.0,0.0,0.0,-0.13772657826672036,-0.3780422889785084,0.4270062240341099,-0.029099431845899377,1.0319614842148876,-1.8676480223153294e-08,0.20069980000245785,0.9796527906758461,2.3679222649243985e-10,0.0,0.0,0.8,0.0,0.0,0.0,1.0
0.8,-0.65,-0.7071067811865475,0.7071067811865476,0.14116909129848323,0.43656951445841663,0.07015849679859329,-1.2654706304870202,0.9089471004840518,-1.2124780564514586,1.0566021205845078,0.1477246343894169,0.0,0.0,0.0,-0.2721542125749538,-0.3868419246855501,0.4820001314678961,0.07311459181348794,0.831059593294769,-6.100680875379369e-07,0.18482857550658777,0.9827707757538491,-1.0531531171120573e-07,0.0,0.0,0.8,0.0,0.0,0.0,1.0
0.8,-0.65,-0.7071067811865475,0.7071067811865476,0.1397539012217675,0.5262756737323881,0.06556494922123253,-1.2711218616412272,0.8772928320787153,-1.2037028965028964,0.9968417001627072,0.15009917865101127,0.0,0.0,0.0,-0.2126065097913242,-0.37170392053026874,0.42700623078280747,0.0731164420726369,0.831055926731354,2.1030353853711395e-08,0.18482860155000277,0.9827707708560882,-2.6190767723189337e-09,0.0,0.0,0.8,0.0,0.0,0.0,1.0
0.8,-0.65,-0.7071067811865475,0.7071067811865476,0.2250608425710513,0.43846670582671077,0.0962919542649765,-1.2737105178545918,0.9025789182203608,-1.2117830171834656,1.060286859185191,0.15811683053735529,0.0,0.0,0.0,-0.2721550084323365,-0.3680853575340586,0.4819999928384589,0.07440282748109042,0.930556934996745,3.632989220696881e-10,0.17568946250974948,0.984445637281732,-7.135168192762838e-09,0.0,0.0,0.8,0.0,0.0,0.0,1.0
0.8,-0.65,-0.7071067811865475,0.7071067811865476,0.2243754565420362,0.5284620754158152,0.09084062425124813,-1.277476338367689,0.8702342337137123,-1.2042980023870506,1.000872408237761,0.1600225646244352,0.0,0.0,0.0,-0.21260650991299385,-0.35430162917841923,0.42700623017446765,0.07440217700442615,0.9305682885200697,1.455435207933955e-08,0.17568948456109842,0.9844456333463293,-1.484898701999842e-09,0.0,0.0,0.8,0.0,0.0,0.0,1.0
0.8,-0.65,-0.7071067811865475,0.7071067811865476,0.30984887715603787,0.4406751806364957,0.12097366362386243,-1.2808047263498132,0.8951593480600499,-1.2106732279337244,1.0646157499471545,0.17056731919984316,0.0,0.0,0.0,-0.27215495293829306,-0.35013641172779086,0.48199999383971315,0.07544014615886463,1.0301832254559387,1.3655780186140318e-09,0.16835005979222287,0.9857272733205442,-6.4558769411833735e-09,0.0,0.0,0.8,0.0,0.0,0.0,1.0
0.8,-0.65,-0.7071067811865475,0.7071067811865476,0.30990700637553564,0.5309096865510305,0.11459598088920128,-1.2828010250152222,0.8623662242024069,-1.20442912607484,1.0054310109569164,0.1718916078609595,0.0,0.0,0.0,-0.21260650990158395,-0.3377492384680837,0.42700622937481425,0.07543957962269535,1.0301945775973451,7.342427469091032e-09,0.16835007825962156,0.9857272701665402,-4.5830868545010095e-10,0.0,0.0,0.8,0.0,0.0,0.0,1.0
1.3,0.0,-1.0,1.2246467991473532e-16,0.34124999999999994,1.841726835127374,-1.3447948117951296,-3.406664533738,1.6108379801665083,1.5226521547772538,0.25796632853620155,1.8373794444707943,0.0,0.0,0.0,0.08982820033077933,-0.5419860430362711,0.4820001335214923,-0.12036312719018534,0.8288543835210065,5.092239542608998e-09,0.1389354402846413,0.9903014406901113,-5.403264955414078e-08,0.0,0.0,0.8,0.0,0.0,0.0,1.0
1.3,0.0,-1.0,1.2246467991473532e-16,0.31131665996379354,1.8130534162642056,-1.1500906123304593,-3.406664533738,1.4458470649587714,1.573076833328814,0.28272963834474896,1.7401803243600462,0.0,0.0,0.0,0.08449589046727717,-0.48795792193220194,0.4270065234573856,-0.12036305404591699,0.8288574726823923,3.9881131767766476e-08,0.13893534044193714,0.9903014546976023,-3.068700238774158e-07,0.0,0.0,0.8,0.0,0.0,0.0,1.0
1.3,0.0,-1.0,1.2246467991473532e-16,0.34124999999999994,1.8479241447290229,-1.2321322679767097,-3.406664533738,1.801838438542515,1.520896362187996,0.556974078651574,1.8532643666000954,0.0,0.0,0.0,0.0898300810801554,-0.44857041188798646,0.4820025010635866,-0.12379030489961601,0.929910408997929,-6.623676091539092e-08,0.16290932892217277,0.9866410444278746,-6.290689911193876e-07,0.0,0.0,0.8,0.0,0.0,0.0,1.0
1.3,0.0,-1.0,1.2246467991473532e-16,0.32489669614699823,1.8231217356692395,-1.0517177618615765,-3.406664533738,1.59134110225647,1.5293387703528944,0.5221116659895783,1.803653563899237,0.0,0.0,0.0,0.08449588266698822,-0.4087680560520969,0.42700652394346245,-0.12378856748170142,0.9299283432015482,2.362384411033317e-08,0.1629092402365192,0.9866410590713925,-2.0085199032981533e-07,0.0,0.0,0.8,0.0,0.0,0.0,1.0
1.3,0.0,-1.0,1.2246467991473532e-16,0.34124999999999994,1.852136580992393,-1.0333662089487738,-3.4054077008019825,1.8925879517957775,1.499648978730111,0.8380011466004379,1.858135141518628,0.0,0.0,0.0,0.08982834197626235,-0.346828536501772,0.48200036651332623,-0.12702049909123408,1.0311056608468796,-1.0223363934665414e-08,0.1858050578165659,0.9825866274735158,-6.966569550284729e-08,0.0,0.0,0.8,0.0,0.0,0.0,1.0
1.3,0.0,-1.0,1.2246467991473532e-16,0.3375532628872822,1.8137579320413024,-0.9001296982514475,-3.377219932054425,1.663203326738797,1.48730297131265,0.7429276606580293,1.8602947651996808,0.0,0.0,0.0,0.08449587246882859,-0.32342281491935515,0.42700655252855657,-0.12702027601873295,1.031109656829879,4.301294116119136e-08,0.18580481225486845,0.9825866739086828,-5.37347574124478e-08,0.0,0.0,0.8,0.0,0.0,0.0,1.0
1.3,0.0,-1.0,1.2246467991473532e-16,0.15523033090394286,1.6740646237967214,-1.0812607171225272,-3.4039781623185856,1.9117351655888575,1.7438199880678713,0.8395257283826483,1.8012831895582784,0.0,0.0,0.0,-0.025435176530583452,-0.36379254646363923,0.4820000865346754,-0.033512499744822996,0.8340266709352527,9.391656540094513e-08,0.23282803690811676,0.9725179202613717,-3.480788447286649e-09,0.0,0.0,0.8,0.0,0.0,0.0,1.0
1.3,0.0,-1.0,1.2246467991473532e-16,0.14947837813199333,1.6505638954816355,-0.9398035041227181,-3.3714491632386268,1.6846776373653944,1.7261765272545078,0.7527070582720883,1.7913489887263194,0.0,0.0,0.0,-0.023915475688648814,-0.33725736828543484,0.4270065357737157,-0.033511652589516105,0.8340231177664859,-3.835824152287861e-09,0.23282771108208355,0.9725179982664988,-9.120729667930468e-09,0.0,0.0,0.8,0.0,0.0,0.0,1.0
1.3,0.0,-1.0,1.2246467991473532e-16,0.24893952523148397,1.672665871375187,-1.0669423994451888,-3.402805503682862,1.9152123028783468,1.7392769988861683,0.8569357597865966,1.8009349735474058,0.0,0.0,0.0,-0.025436343442389188,-0.35718415422192845,0.4820000049316796,-0.03332096496852433,0.9339151311616278,4.121915641809039e-10,0.23142462667861272,0.97285283684978,2.9625808138198084e-09,0.0,0.0,0.8,0.0,0.0,0.0,1.0
1.3,0.0,-1.0,1.2246467991473532e-16,0.2440492936368071,1.6495102030152835,-0.9289212953514421,-3.3704709343766472,1.6872862029958777,1.7222481053806,0.7659113325052109,1.7913053157191674,0.0,0.0,0.0,-0.023915476237576356,-0.3318054734709943,0.4270065373635257,-0.0333211260841429,0.9339266634279026,-3.522666374806468e-09,0.2314243074447763,0.9728529127898552,-1.7564226779711941e-09,0.0,0.0,0.8,0.0,0.0,0.0,1.0
1.3,0.0,-1.0,1.2246467991473532e-16,0.34124999999999994,1.6709206314238472,-1.0490563467631553,-3.401230093999785,1.9189267289695244,1.7337657168647627,0.8780659529638759,1.8005494577786332,0.0,0.0,0.0,-0.025436382147878838,-0.3490501551588807,0.48200008859453386,-0.033097186556649845,1.0338006151418262,6.578994674851725e-09,0.22977873270320223,0.973242895682937,4.809004543197707e-08,0.0,0.0,0.8,0.0,0.0,0.0,1.0
1.3,0.0,-1.0,1.2246467991473532e-16,0.3377996697994035,1.6481999869864368,-0.9161956056816802,-3.3691911948502935,1.6899319115224711,1.7178227453396013,0.7809646439541073,1.7911416439515058,0.0,0.0,0.0,-0.02391547682560543,-0.32550730651862525,0.42700653902174496,-0.03309740967668218,1.0338142862944375,-3.1579296038142203e-09,0.22977842257878806,0.9732429689020126,7.139855556017729e-09,0.0,0.0,0.8,0.0,0.0,0.0,1.0
1.3,0.0,-1.0,1.2246467991473532e-16,0.1500141560740238,1.4962999895444267,-1.0438593855577536,-3.403718007721694,1.8748670396192622,1.9589896686478319,0.8946807370530757,1.7498279232495193,0.0,0.0,0.0,-0.14036291618032035,-0.35604018888215516,0.4820000809192855,0.06029201102678235,0.8375590048723444,9.978340209665084e-08,0.27942082715194805,0.9601687358759975,-9.250441314582476e-09,0.0,0.0,0.8,0.0,0.0,0.0,1.0
1.3,0.0,-1.0,1.2246467991473532e-16,0.1443369060948669,1.4874849651056736,-0.9059707362254791,-3.3683000265551377,1.6474139646936208,1.9375319204602208,0.8005982947825871,1.7318477544541913,0.0,0.0,0.0,-0.13204669296052485,-0.33022513251462166,0.42700652028998287,0.06029271605370552,0.8375553844495367,-6.785706014464201e-08,0.2794204605015955,0.9601688425756523,6.275973318880993e-08,0.0,0.0,0.8,0.0,0.0,0.0,1.0
1.3,0.0,-1.0,1.2246467991473532e-16,0.2433504316451867,1.4933292525611588,-1.0289017948148693,-3.4013184715206153,1.8776221790043048,1.9521778611478102,0.9113178514024433,1.7492573415111377,0.0,0.0,0.0,-0.14036414322509164,-0.34905097468743473,0.48200000506017915,0.06079109765248361,0.9372299954228547,6.661468839011095e-10,0.27559950176542014,0.9612725496063289,5.9044115075829085e-09,0.0,0.0,0.8,0.0,0.0,0.0,1.0
1.3,0.0,-1.0,1.2246467991473532e-16,0.2385550993980259,1.484937117781751,-0.8944933120845472,-3.3660595597922778,1.6493576051521537,1.931748016961813,0.8131415927832597,1.7307502979240332,0.0,0.0,0.0,-0.1320466938028689,-0.32442913875779,0.4270065209816881,0.060790725715748825,0.9372414613725185,-6.665185287165776e-08,0.2755991418086812,0.9612726528068446,7.445595106141334e-08,0.0,0.0,0.8,0.0,0.0,0.0,1.0
1.3,0.0,-1.0,1.2246467991473532e-16,0.33669681451179784,1.4903580929807898,-1.0136703715495432,-3.398813484078559,1.8799600366212212,1.9455275433296717,0.9278228259418192,1.7487843489159074,0.0,0.0,0.0,-0.14036413676065573,-0.3420252433537765,0.48200000507536966,0.06127525111193062,1.0369300946055287,6.340438774376797e-10,0.2718983996346877,0.9623259636298377,5.724075202877493e-09,0.0,0.0,0.8,0.0,0.0,0.0,1.0
1.3,0.0,-1.0,1.2246467991473532e-16,0.33277823439785875,1.4824000950480614,-0.8828397749362452,-3.3637665095894116,1.6509902011555977,1.9261203514571539,0.8255607858749365,1.7297685906420226,0.0,0.0,0.0,-0.1320466945256352,-0.3186183067326869,0.4270065214995791,0.06127488866618676,1.0369415356571006,-6.531482469266247e-08,0.2718980472368333,0.9623260631972851,8.60306866929189e-08,0.0,0.0,0.8,0.0,0.0,0.0,1.0
0.8,0.65,-0.7071067811865475,-0.7071067811865476,0.2734835520785095,2.381241890040251,-0.8795706250431681,-3.388771046054962,1.5656590724063608,-0.017582451873473914,1.343030859414,0.9994689372025463,0.0,0.0,0.0,0.21546131913899796,-0.5310239434917444,0.48200138026035877,-0.026446757234677622,0.8918241172773108,1.9494499065936404e-06,-0.6668799700741909,0.7451651531773007,5.440057519650629e-07,0.0,0.0,0.8,0.0,0.0,0.0,1.0
0.8,0.65,-0.7071067811865475,-0.7071067811865476,0.27392534846976574,2.226709540302025,-0.8781653911061803,-3.2776226216004725,1.5438478595973348,0.07842293128729882,1.333511898601531,1.000869567952145,0.0,0.0,0.0,0.15800654820235438,-0.514224585645457,0.42700620333741734,-0.026453177727153172,0.8918197296376884,-5.127857069383787e-08,-0.6668801192891555,0.7451650196412061,-4.771848237534561e-09,0.0,0.0,0.8,0.0,0.0,0.0,1.0
0.8,0.65,-0.7071067811865475,-0.7071067811865476,0.34124999999999994,2.380629372620194,-0.8333013584386911,-3.387261339475808,1.584542467115473,-0.013680448478396244,1.343030859414,1.0038601200823034,0.0,0.0,0.0,0.21546470089236586,-0.4976486525393716,0.48199998137985733,-0.027207612307805867,0.986686821303582,2.644657978740319e-06,-0.6404171098680896,0.7680272946849424,-3.710317844347653e-07,0.0,0.0,0.8,0.0,0.0,0.0,1.0
0.8,0.65,-0.7071067811865475,-0.7071067811865476,0.34124999999999994,2.2311346175636633,-0.8309868897575238,-3.2861121852166626,1.5621905346346447,0.08453236660884472,1.3338092803282113,1.0041053458380953,0.0,0.0,0.0,0.1580065493938538,-0.4811421091121252,0.42700620340421735,-0.027204720487807504,0.9866997019735122,-5.989682912485378e-08,-0.640417248523335,0.7680271790723276,-8.798318654053043e-09,0.0,0.0,0.8,0.0,0.0,0.0,1.0
0.8,0.65,-0.7071067811865475,-0.7071067811865476,0.34124999999999994,2.3780644081057267,-0.6521429242040232,-3.3824568731165527,1.5834609710298906,-0.014907424599209986,1.343030859414,1.009479420313776,0.0,0.0,0.0,0.2154660436288892,-0.38695112807260207,0.4820000925164628,-0.030909866317169136,1.073492767292169,1.421501243460457e-06,-0.5665401406074921,0.8240341431508758,-1.5583666007144183e-07,0.0,0.0,0.8,0.0,0.0,0.0,1.0
0.8,0.65,-0.7071067811865475,-0.7071067811865476,0.34124999999999994,2.2433712639742662,-0.6495408920594775,-3.3091650514009823,1.5584687379919977,0.08937625692434734,1.3346521170824597,1.0098778591407527,0.0,0.0,0.0,0.1580065508535985,-0.3733861305287867,0.42700620297692293,-0.03090614215132994,1.0735031109636326,-6.987463475500682e-08,-0.5665402452505632,0.8240340712078758,-1.3465883273224353e-08,0.0,0.0,0.8,0.0,0.0,0.0,1.0
0.8,0.65,-0.7071067811865475,-0.7071067811865476,0.18631619916092754,2.387858589194079,-0.8741909693791317,-3.406664533738,1.993212966683096,0.08141206179655765,1.343030859414,0.5192806219115984,0.0,0.0,0.0,0.13752270477012526,-0.4863816651381035,0.4820051912329157,0.07380234566709373,0.8945258599117216,9.908745761132099e-06,-0.6804222453941796,0.7328202834750525,-1.4503118443955857e-06,0.0,0.0,0.8,0.0,0.0,0.0,1.0
0.8,0.65,-0.7071067811865475,-0.7071067811865476,0.2807651650404768,2.277857216924944,-1.11023260821634,-3.406664533738,1.9524987550830637,0.16254671997165854,1.2742616882327507,0.7736524109821281,0.0,0.0,0.0,0.07708050465699169,-0.5706269031552686,0.427006291527852,0.07379869026683103,0.8945202774988691,-1.7991675596417294e-07,-0.6804221382347582,0.7328203830406326,-4.332359794461638e-07,0.0,0.0,0.8,0.0,0.0,0.0,1.0
0.8,0.65,-0.7071067811865475,-0.7071067811865476,0.27428360334759694,2.3872116320181584,-0.8476034247856563,-3.4054620090751495,1.9922665735230087,0.08091603322473863,1.343030859414,0.5225635683856736,0.0,0.0,0.0,0.13752095207377896,-0.47182123922938496,0.48199988466200155,0.0736067554349534,0.9923837592878514,3.4539896928535138e-06,-0.6697804906032898,0.7425591521178954,1.1130842732258376e-06,0.0,0.0,0.8,0.0,0.0,0.0,1.0
0.8,0.65,-0.7071067811865475,-0.7071067811865476,0.27828787008799927,2.263301333277237,-0.849880045809658,-3.3844060609068056,1.964523068532782,0.18153926176069837,1.3077191874506702,0.5275220794476043,0.0,0.0,0.0,0.077080651117665,-0.45670804502179696,0.42700620944530354,0.07360835175840964,0.9923935881416478,-8.375652307157921e-08,-0.6697804004378676,0.7425592334550004,-7.073094026974911e-08,0.0,0.0,0.8,0.0,0.0,0.0,1.0
0.8,0.65,-0.7071067811865475,-0.7071067811865476,0.34124999999999994,2.385492954017574,-0.772802655257419,-3.4017054160235483,1.9836110215613598,0.07809095854251863,1.343030859414,0.5374870546270497,0.0,0.0,0.0,0.1375242410969721,-0.43082994024799803,0.4819999832606834,0.0727512950915885,1.0864624906291815,3.4601880548009357e-06,-0.6392715886099933,0.7689810374663053,1.1520680172977019e-06,0.0,0.0,0.8,0.0,0.0,0.0,1.0
0.8,0.65,-0.7071067811865475,-0.7071067811865476,0.34124999999999994,2.265440170672489,-0.7637190565582784,-3.3875704248061833,1.9532064266363922,0.18093644159076946,1.3109187184056854,0.5331569110005733,0.0,0.0,0.0,0.07708065191393054,-0.412337061371593,0.42700620566174086,0.07275528822625889,1.0864828414559906,-4.3064517268154164e-08,-0.639271493149915,0.7689811168330954,-3.5809046067305994e-08,0.0,0.0,0.8,0.0,0.0,0.0,1.0
0.8,0.65,-0.7071067811865475,-0.7071067811865476,0.1551359142791475,2.3850843872711933,-0.6465457502539402,-3.406664533738,2.074167563446336,0.10079527283052189,1.343030859414,-0.6891242151539272,0.0,0.0,0.0,0.03912235208621068,-0.5007361349081243,0.48200090815439334,0.1502737595439627,0.9542953448195555,-1.7470717635682178e-06,0.9310623255949221,-0.3648601730170308,-8.399209090628082e-07,0.0,0.0,0.8,0.0,0.0,0.0,1.0
0.8,0.65,-0.7071067811865475,-0.7071067811865476,0.15764057211419452,2.264483227125729,-0.6478523520651565,-3.406664533738,2.0454780736497495,0.21688053265156867,1.3221442165990405,-0.6876613718990418,0.0,0.0,0.0,-0.022939846660147145,-0.47783341147654246,0.4270061935714004,0.1502770584686931,0.954297725167449,5.394252634369524e-08,0.9310622955711578,-0.3648602496377925,1.0349618638406241e-07,0.0,0.0,0.8,0.0,0.0,0.0,1.0
0.8,0.65,-0.7071067811865475,-0.7071067811865476,0.24738662947638793,2.384682957879564,-0.6237584999038839,-3.4054715800044275,2.0707447723857086,0.09973080319083234,1.343030859414,-0.6868638594456196,0.0,0.0,0.0,0.03911590607935818,-0.4902291394574783,0.481999988179413,0.1514322666005343,1.0531932073416843,-6.428416423996166e-07,0.9270849007421922,-0.3748514196505938,-1.1665269413027425e-06,0.0,0.0,0.8,0.0,0.0,0.0,1.0
0.8,0.65,-0.7071067811865475,-0.7071067811865476,0.24982052841845623,2.2643488575695585,-0.62511687873458,-3.406664533738,2.0420772921323382,0.21644879713376447,1.3234622499286768,-0.6854677382262963,0.0,0.0,0.0,-0.02293978640974456,-0.4676545797132398,0.42700646420604316,0.15143295599964754,1.0532042483766861,-3.9861557084964697e-07,0.9270848659723756,-0.37485150564562153,-1.845810658339412e-07,0.0,0.0,0.8,0.0,0.0,0.0,1.0
0.8,0.65,-0.7071067811865475,-0.7071067811865476,0.33978586154331186,2.3842954273281176,-0.6012895021582043,-3.404242914100266,2.0666928294294538,0.09851095075517854,1.343030859414,-0.6843855578980328,0.0,0.0,0.0,0.03911588827040422,-0.47980935934728874,0.4819999883535891,0.15252582201301756,1.1521139001137046,-6.373301439981576e-07,0.9231434193230529,-0.3844557547478582,-1.1792223923480642e-06,0.0,0.0,0.8,0.0,0.0,0.0,1.0
0.8,0.65,-0.7071067811865475,-0.7071067811865476,0.34124999999999994,2.2643691483269692,-0.5996387691665109,-3.406664533738,2.0366855705432494,0.21535834468251788,1.3246325499930292,-0.684701751474641,0.0,0.0,0.0,-0.022939795382655354,-0.4563925304019174,0.42700642942574685,0.15252652084117105,1.1521243960694918,-3.450919371577877e-07,0.9231433863409984,-0.3844558339454948,-1.7121678357704953e-07,0.0,0.0,0.8,0.0,0.0,0.0,1.0
0.8,0.65,-0.7071067811865475,-0.7071067811865476,0.18242157228605468,0.3163689785297691,0.13953746502743708,-1.242583011476349,0.8608873451859751,-1.1938288015278402,1.231008658924969,1.6695660514749309,0.0,0.0,0.0,-0.4383374139494767,-0.41131409968293675,0.021514555402779287,0.4320000115785612,0.9190306033676782,-0.560620133912626,0.5606214809072293,0.43093353531801276,-0.4309349240146282,0.0,0.0,0.8,0.0,0.0,0.0,1.0
0.8,0.65,-0.7071067811865475,-0.7071067811865476,0.18275572727245207,0.3823942926439097,0.1410326249263296,-1.2500606401818914,0.8895868109921502,-1.183993388372566,1.1372203191693306,1.6604288916121788,0.0,0.0,0.0,-0.37692496407618026,-0.4017862020323342,0.02151106463325898,0.3770062512661946,0.9190315093169943,0.5606208357932839,-0.5606208032637973,-0.4309342308326177,0.43093419697094654,0.0,0.0,0.8,0.0,0.0,0.0,1.0
0.8,0.65,-0.7071067811865475,-0.7071067811865476,0.261265967287375,0.3170557304582647,0.1673381065844685,-1.2552999842671746,0.8550986752688144,-1.1927679247733989,1.2339817775460813,1.6713866375462225,0.0,0.0,0.0,-0.438340369793159,-0.3884732250141483,0.02205425407084471,0.4319999846049077,1.016843583280968,0.5540237751797159,-0.554023755000616,-0.4393832794601735,0.4393832827514677,0.0,0.0,0.8,0.0,0.0,0.0,1.0
0.8,0.65,-0.7071067811865475,-0.7071067811865476,0.25969851886413253,0.3830661269729096,0.1728218622620994,-1.262338487620292,0.8837008728219693,-1.1831699219207945,1.1403076606214635,1.6657816820680393,0.0,0.0,0.0,-0.37692496453310553,-0.37736432513950113,0.022055136794617517,0.3770062518114765,1.0168549172522205,0.5540237871937542,-0.554023763620939,-0.43938327994195653,0.43938325625156444,0.0,0.0,0.8,0.0,0.0,0.0,1.0
0.8,0.65,-0.7071067811865475,-0.7071067811865476,0.34124999999999994,0.3194260293705614,0.19335726541803278,-1.2665065581006132,0.8448159348972785,-1.191591495343338,1.2393964787800626,1.6760670204310781,0.0,0.0,0.0,-0.43834037991199987,-0.3665135589234333,0.022478872861875145,0.4319999747704227,1.1149002952500735,0.5481041724822105,-0.54810415057842,-0.44674580954173815,0.4467458314111019,0.0,0.0,0.8,0.0,0.0,0.0,1.0
0.8,0.65,-0.7071067811865475,-0.7071067811865476,0.34124999999999994,0.3852945463075751,0.1969978903937072,-1.271834721663744,0.87410042639859,-1.1833755802980923,1.145352371583168,1.66834853583987,0.0,0.0,0.0,-0.3769249646028007,-0.35751673854482446,0.022479737802063273,0.37700625167476887,1.114923761905919,0.5481041836245784,-0.5481041562161667,-0.4467458250739217,0.44674579529170655,0.0,0.0,0.8,0.0,0.0,0.0,1.0
0.8,0.65,-0.7071067811865475,-0.7071067811865476,0.34124999999999994,0.13738779948275928,0.07969398292241484,-1.1255468873102619,1.3543469669988997,-1.0879557326198666,0.9844380949023385,1.9633195486422628,0.0,0.0,0.0,-0.3916757312077039,-0.6286297930084185,0.09618589945375239,0.43199949086519795,0.957789626989464,0.6672914790441258,-0.6672892503800618,-0.23393173816132493,0.23392964797806134,0.0,0.0,0.8,0.0,0.0,0.0,1.0
0.8,0.65,-0.7071067811865475,-0.7071067811865476,0.34124999999999994,0.21384405944136503,0.06519905813393889,-1.1493946260296966,1.3731164774346294,-1.063721600064162,0.8861641945761399,1.943483398354318,0.0,0.0,0.0,-0.32415857525997643,-0.6119790988105164,0.09620576256940241,0.3770062594818133,0.9578017886377963,0.6672904235332323,-0.66729035183015,-0.23393067581827792,0.23393057928889469,0.0,0.0,0.8,0.0,0.0,0.0,1.0
0.8,0.65,-0.7071067811865475,-0.7071067811865476,0.34124999999999994,0.09210510058362296,0.21682435186911353,-1.243567563678627,1.4319346291907196,-1.0838515135716116,0.9382877946505898,1.9246747449953592,0.0,0.0,0.0,-0.39166042446002447,-0.5256815819492062,0.10612252063331679,0.4319995627966967,1.0482168020762896,0.6425990983325349,-0.64259822290609,-0.2950713497434083,0.29507087504657453,0.0,0.0,0.8,0.0,0.0,0.0,1.0
0.8,0.65,-0.7071067811865475,-0.7071067811865476,0.34124999999999994,0.17211771015481517,0.2068726993796068,-1.261347728281003,1.450682915481489,-1.0619255390121265,0.8364898100609051,1.9065336052493551,0.0,0.0,0.0,-0.3241585740182294,-0.510669227093703,0.1061254963594015,0.37700625584867836,1.048228140931151,0.6425987190023774,-0.6425986477365708,-0.2950711092238047,0.2950710164775046,0.0,0.0,0.8,0.0,0.0,0.0,1.0
0.8,0.65,-0.7071067811865475,-0.7071067811865476,0.34124999999999994,0.06955810572450409,0.34260444630214354,-1.3556198596254228,1.4245412469029362,-1.0844418358526058,0.9364878774046755,1.9040752067981257,0.0,0.0,0.0,-0.39166052930387985,-0.4101728204754388,0.11419347573752968,0.4319995896104176,1.1367966709807618,0.611842442894394,-0.6118418209570168,-0.35447035853827186,0.35447027536701997,0.0,0.0,0.8,0.0,0.0,0.0,1.0
0.8,0.65,-0.7071067811865475,-0.7071067811865476,0.34124999999999994,0.15176889954965317,0.34058763391251,-1.3655202609496648,1.4437778625685522,-1.0664495392904492,0.8339915641378205,1.8898461705097855,0.0,0.0,0.0,-0.3241585751152947,-0.3977063088605259,0.1141966954157207,0.3770062535551154,1.136807800287385,0.6118421760553571,-0.6118421198068453,-0.35447032692834507,0.354470251724208,0.0,0.0,0.8,0.0,0.0,0.0,1.0
0.8,0.65,-0.7071067811865475,-0.7071067811865476,0.34124999999999994,0.06872233929725002,0.3552033127773262,-0.9640165862983219,1.750182410480062,-0.6985885643455306,0.9382916522878466,1.9896753472705,0.0,0.0,0.0,-0.33157146970381657,-0.697894398191291,0.17431251974861045,0.43199857927473384,0.969881438804012,0.6972215108713495,-0.6972203711381099,-0.11782580836934588,0.11782613347818571,0.0,0.0,0.8,0.0,0.0,0.0,1.0
0.8,0.65,-0.7071067811865475,-0.7071067811865476,0.34124999999999994,0.1503690868918697,0.32731740693440126,-1.0031205271391868,1.7648941685928243,-0.6378374871678366,0.8315068472401739,1.9434992172387673,0.0,0.0,0.0,-0.25732045622763056,-0.6752528123282978,0.1743169494200536,0.37700626826590256,0.9698905640852502,0.6972210636788357,-0.6972208680440817,-0.11782594457227183,0.1178257031044667,0.0,0.0,0.8,0.0,0.0,0.0,1.0
0.8,0.65,-0.7071067811865475,-0.7071067811865476,0.34124999999999994,0.06872233929725002,0.6752212050194173,-0.9486415859784562,1.8199313107125088,-0.48240541668920245,1.0606378023069738,1.9202416930837032,0.0,0.0,0.0,-0.33157172243810534,-0.5890355172724783,0.18358857506846932,0.4319974524417046,1.0659367018513701,0.6875791574264623,-0.6875768491797652,-0.16503431417600123,0.16503531103736388,0.0,0.0,0.8,0.0,0.0,0.0,1.0
0.8,0.65,-0.7071067811865475,-0.7071067811865476,0.34124999999999994,0.15579710948185035,0.66308069243597,-0.9790276240491816,1.8358178683462836,-0.40819941483586425,0.9596279918475005,1.8739437008059796,0.0,0.0,0.0,-0.25732045767379624,-0.5681462471347092,0.18358872961398043,0.3770062544942812,1.0659378932306887,0.6875781376211705,-0.6875779374355727,-0.16503479873173582,0.16503454130824197,0.0,0.0,0.8,0.0,0.0,0.0,1.0
0.8,0.65,-0.7071067811865475,-0.7071067811865476,0.34124999999999994,0.06872233929725002,0.9603161411629897,-0.9135909773536022,1.8187495690277653,-0.3254677681181767,1.2107261367088546,1.8465688484643485,0.0,0.0,0.0,-0.33157235957138087,-0.46355861183637986,0.1964845904597765,0.4319956534087997,1.1575739653522474,0.6667246933745118,-0.666720535671247,-0.23554264964103802,0.23554526265452216,0.0,0.0,0.8,0.0,0.0,0.0,1.0
0.8,0.65,-0.7071067811865475,-0.7071067811865476,0.34124999999999994,0.1608214367295861,0.9624246165838695,-0.9351315328248397,1.8354451601410988,-0.25515825453966506,1.1124253213196489,1.8131846863303887,0.0,0.0,0.0,-0.25732046314588986,-0.44580533972011005,0.19648488948457993,0.37700625161588475,1.1575775445293974,0.6667227258017664,-0.6667225847789782,-0.23554393766637058,0.23554374386453542,0.0,0.0,0.8,0.0,0.0,0.0,1.0
0.0,1.2,6.123233995736766e-17,-1.0,0.04485104829008344,1.0109322088578472,-0.8326657478410937,-2.9035045523516105,2.0071443096888766,1.9896753472705,1.1323018904876214,1.8511241114919506,0.0,0.0,0.0,-0.2085698502107406,-0.25428321161487755,-0.1284465282002217,0.43199967622783886,0.8292086999418289,0.10413778216566924,-0.10413710512193772,-0.6993998151153958,0.699393082807507,0.0,0.0,0.8,0.0,0.0,0.0,1.0
0.0,1.2,6.123233995736766e-17,-1.0,0.05297379612195546,1.0558485516289118,-0.7670028404428118,-2.899385099489197,1.8003533211778833,1.9790185550045254,0.9963027190257708,1.8197684877060296,0.0,0.0,0.0,-0.1956587838155223,-0.24777033579331306,-0.1284412183760421,0.3770064396745672,0.829209770641734,0.10413734649276521,-0.10413735488315048,-0.6993965945260109,0.6993963310947557,0.0,0.0,0.8,0.0,0.0,0.0,1.0
0.0,1.2,6.123233995736766e-17,-1.0,0.1396672379961942,1.0125195978616466,-0.8174611067313352,-2.9052371515601334,2.00438431406972,1.9896753472705,1.1432866462892746,1.8611856481914995,0.0,0.0,0.0,-0.2085631240317653,-0.24824436309644807,-0.12815734620444488,0.4320000028863002,0.9292857228006016,0.10554043134656953,-0.10554043228136363,-0.6991861117515155,0.6991861094435732,0.0,0.0,0.8,0.0,0.0,0.0,1.0
0.0,1.2,6.123233995736766e-17,-1.0,0.14829227363035932,1.057110451784326,-0.754981188141383,-2.9005684422256923,1.7984160197075547,1.9784104036777752,1.005381972663355,1.828630095622941,0.0,0.0,0.0,-0.1956587832371822,-0.24263638601138202,-0.12815734123949973,0.3770064376107849,0.9292968269261199,0.10554033124837109,-0.10554033628337436,-0.699186259161575,0.6991859916337135,0.0,0.0,0.8,0.0,0.0,0.0,1.0
0.0,1.2,6.123233995736766e-17,-1.0,0.23456573385451857,1.014375770775111,-0.8024834854967441,-2.907250102770077,2.0014774708095424,1.9896753472705,1.1540733251795172,1.8714912093095888,0.0,0.0,0.0,-0.20856310468688918,-0.24227310476703,-0.1278295245057551,0.4320000029069691,1.0293878257075315,0.10716215920541597,-0.10716216027729342,-0.6989393910305253,0.6989393898651122,0.0,0.0,0.8,0.0,0.0,0.0,1.0
0.0,1.2,6.123233995736766e-17,-1.0,0.24367729268880312,1.05862748539486,-0.7431439070853915,-2.902021636215379,1.796381264494148,1.9777885828081636,1.0143205639642847,1.8377997648328845,0.0,0.0,0.0,-0.1956587834585628,-0.23756494755706117,-0.12782953691026255,0.3770064353983948,1.0293989129112806,0.10716205575154268,-0.10716205757072261,-0.6989395424129735,0.6989392700913689,0.0,0.0,0.8,0.0,0.0,0.0,1.0
0.0,1.2,6.123233995736766e-17,-1.0,0.1914185636502333,1.546622587576632,-1.2764809861811066,-3.406664533738,2.057654659520708,1.9511073954680083,0.8301714353671599,1.58760178018322,0.0,0.0,0.0,-0.08822441560966801,-0.4234799704662679,-0.023975062746993618,0.4320008287979511,0.8307300343795738,0.12637958471135502,-0.12637777926623137,-0.695720785592267,0.6957222477187286,0.0,0.0,0.8,0.0,0.0,0.0,1.0
0.0,1.2,6.123233995736766e-17,-1.0,0.18661956793282333,1.5395948265494945,-1.1290989297075613,-3.3742371840575656,1.8531055221768766,1.9210829961813116,0.7691437712339315,1.5717997191094473,0.0,0.0,0.0,-0.08265704786768868,-0.3936580239706891,-0.023974159227885213,0.37700642027791986,0.8307278551270074,0.12637848293518833,-0.12637839779672513,-0.6957215142396167,0.6957216068554058,0.0,0.0,0.8,0.0,0.0,0.0,1.0
0.0,1.2,6.123233995736766e-17,-1.0,0.2863240013493467,1.5450702502853981,-1.264585456353148,-3.4062915922297323,2.062402422382587,1.945715127068756,0.8461894878923901,1.588075583685135,0.0,0.0,0.0,-0.08821950019615385,-0.4180436141879274,-0.02431015946226811,0.4320000036085446,0.9305910453631826,0.12469426757113418,-0.12469426743209837,-0.6960253901129067,0.6960253843234793,0.0,0.0,0.8,0.0,0.0,0.0,1.0
0.0,1.2,6.123233995736766e-17,-1.0,0.28194060150979405,1.5382915098153047,-1.1195264422155187,-3.3737137174174223,1.8569827786037545,1.916090600309074,0.7820399189058762,1.5719792014170275,0.0,0.0,0.0,-0.08265704786620474,-0.3888731234425193,-0.024309820712883796,0.3770064223925721,0.9306026553850149,0.12469406761571951,-0.12469398243210779,-0.6960253893494022,0.6960254719675715,0.0,0.0,0.8,0.0,0.0,0.0,1.0
0.0,1.2,6.123233995736766e-17,-1.0,0.34124999999999994,1.5311611782839292,-1.1499558767286429,-3.3990743520577973,2.0928789805186256,1.9012941314458252,0.9858465784928933,1.594543177662167,0.0,0.0,0.0,-0.08822123919456239,-0.36880575202996185,-0.02677800578209548,0.4320016633850795,1.0297215016411916,0.11238798960692654,-0.11238801384951705,-0.6981192233894725,0.69811705613683,0.0,0.0,0.8,0.0,0.0,0.0,1.0
0.0,1.2,6.123233995736766e-17,-1.0,0.3400629606826313,1.5268742987231414,-1.027332304154494,-3.36663267183444,1.88208000146984,1.8750138176617464,0.8944807760907746,1.5770329077887313,0.0,0.0,0.0,-0.08265705245792583,-0.3453175027115613,-0.026775590419991252,0.3770064375722487,1.0297388862587082,0.11238780820305988,-0.11238772495749806,-0.698118182328851,0.6981181729106121,0.0,0.0,0.8,0.0,0.0,0.0,1.0
0.0,1.2,6.123233995736766e-17,-1.0,0.15680562440184154,1.7267419021829016,-1.2020676087657753,-3.3932243691461883,2.10700105468071,1.67151742525676,0.9039145467632267,1.6477537551699983,0.0,0.0,0.0,0.03432521835894996,-0.38597824563511535,0.06683571652927028,0.4320001067901036,0.8279445457754755,0.0809739187587312,-0.08097406053771439,-0.7024550641475394,0.702455200603117,0.0,0.0,0.8,0.0,0.0,0.0,1.0
0.0,1.2,6.123233995736766e-17,-1.0,0.1548092272920931,1.7033011300127634,-1.0705759414101164,-3.3635114431975426,1.896324915020381,1.6561643319199693,0.8238438610137861,1.6362825034745958,0.0,0.0,0.0,0.0321599539129832,-0.3608011468375189,0.06683674429166268,0.3770064582900453,0.827940997465987,0.08097379011910798,-0.08097380500619093,-0.7024551274581914,0.7024551815769189,0.0,0.0,0.8,0.0,0.0,0.0,1.0
0.0,1.2,6.123233995736766e-17,-1.0,0.2517636441114344,1.7265052870873014,-1.1887916159221217,-3.3928977719548556,2.1099332824175807,1.668683514679115,0.9198034783088345,1.6487793849786374,0.0,0.0,0.0,0.034326456339769364,-0.3804438206642378,0.0669089267067508,0.4320000036805326,0.9279463704023108,0.08132617267476697,-0.08132617271396739,-0.7024144463874934,0.7024144451646215,0.0,0.0,0.8,0.0,0.0,0.0,1.0
0.0,1.2,6.123233995736766e-17,-1.0,0.25014869702487436,1.7033197046999242,-1.0599783061587846,-3.363392703063307,1.8987385524145644,1.6534937062366688,0.8366007393950741,1.6378934701780534,0.0,0.0,0.0,0.03215995374460984,-0.35592438344936234,0.06690899261310973,0.37700646033382634,0.9279578964705095,0.08132597634014221,-0.08132599083743672,-0.7024144437181774,0.7024144916235108,0.0,0.0,0.8,0.0,0.0,0.0,1.0
0.0,1.2,6.123233995736766e-17,-1.0,0.34124999999999994,1.7260564308777449,-1.1604146201759125,-3.392080489555774,2.1151650914225675,1.6626433121526354,0.9527226169885369,1.6511123093962132,0.0,0.0,0.0,0.03432655293386467,-0.36880346761590904,0.06708434197154484,0.43200033962830164,1.0279838734800024,0.08218161117435235,-0.08218161330917578,-0.7023149297154045,0.7023148188081575,0.0,0.0,0.8,0.0,0.0,0.0,1.0
0.0,1.2,6.123233995736766e-17,-1.0,0.34026599053586876,1.7033737698975908,-1.0370481494408774,-3.363036593528045,1.9031149993576237,1.647800322967271,0.8633559625051276,1.641494975361299,0.0,0.0,0.0,0.032159953156955634,-0.34553172959827105,0.0670844270467131,0.3770064641192963,1.0279992588342968,0.08218142310145471,-0.08218143686442322,-0.7023148779837827,0.7023149131938912,0.0,0.0,0.8,0.0,0.0,0.0,1.0
0.0,1.2,6.123233995736766e-17,-1.0,0.153901378204953,1.9152515174805176,-1.1608159739529218,-3.3826665257281263,2.063380681900658,1.4129071712768477,0.8863504862763725,1.7090193913125455,0.0,0.0,0.0,0.15545999725119736,-0.37746374437414026,0.15987977447273916,0.4320001011673421,0.8266663606601818,0.04731320160223886,-0.04731335657859673,-0.7055220612449167,0.7055221671500737,0.0,0.0,0.8,0.0,0.0,0.0,1.0
0.0,1.2,6.123233995736766e-17,-1.0,0.1517595846895804,1.8736223854753928,-1.033005827458028,-3.35704571455427,1.8533660567434107,1.4088907041221366,0.8038311569232092,1.7071020201906233,0.0,0.0,0.0,0.14581392343559518,-0.3532037802826892,0.1598805857833411,0.37700646555556705,0.8266628002415969,0.04731311389295157,-0.04731319036283365,-0.705522089301555,0.7055221561219829,0.0,0.0,0.8,0.0,0.0,0.0,1.0
0.0,1.2,6.123233995736766e-17,-1.0,0.24808883875131993,1.916233104744698,-1.1458407318031183,-3.3827558337888632,2.0657615771029647,1.4120879562082094,0.9027843420808894,1.7102309216005473,0.0,0.0,0.0,0.1554612370460543,-0.37113932688788553,0.16032718757028447,0.4320000045108834,0.9267127802397567,0.049461201491316185,-0.04946120108807589,-0.7053747851993821,0.7053747879949255,0.0,0.0,0.8,0.0,0.0,0.0,1.0
0.0,1.2,6.123233995736766e-17,-1.0,0.24642326733598882,1.8748559801001197,-1.0210001456274047,-3.3575434341118036,1.855217330579767,1.4080707001147592,0.8170388472947397,1.7097067359532376,0.0,0.0,0.0,0.14581392351757577,-0.3476663048460777,0.16032698969024248,0.37700646794658377,0.9267243054851367,0.04946104290556698,-0.04946111605747634,-0.7053747621967555,0.7053748280800167,0.0,0.0,0.8,0.0,0.0,0.0,1.0
0.0,1.2,6.123233995736766e-17,-1.0,0.34124999999999994,1.9173891449963882,-1.1278564184146875,-3.3828259903991036,2.068127701641834,1.4109239166624947,0.9220250538453096,1.7116617770251485,0.0,0.0,0.0,0.15546113981010679,-0.3636378032062415,0.16085022476445998,0.4320000357909225,1.0267937693041504,0.05198005580563076,-0.051980051323042856,-0.7051936341206084,0.7051936517430278,0.0,0.0,0.8,0.0,0.0,0.0,1.0
0.0,1.2,6.123233995736766e-17,-1.0,0.3400529139857393,1.876281221043167,-1.0064429652440083,-3.3580759962105,1.8570772898670869,1.40696576343251,0.8326727490794361,1.7127404550216403,0.0,0.0,0.0,0.14581392345905797,-0.3410301935552182,0.16085011637632582,0.37700647048137015,1.0267999138353232,0.05197990339106074,-0.05197997258794086,-0.7051936189989773,0.7051936839027547,0.0,0.0,0.8,0.0,0.0,0.0,1.0
-0.8000000000000003,0.65,0.7071067811865476,-0.7071067811865475,0.06975339652988864,2.6044108355212865,-0.2774522216404804,-3.406664533738,1.7384558042700802,-0.20826964185067534,1.343030859414,0.5146458587436435,0.0,0.0,0.0,0.2627941776410115,-0.214332058361794,-0.21954231820353604,0.4319976182902891,0.9746954533248126,-0.4055728964783263,0.4055639673583608,-0.5792387652674758,0.5792330678009825,0.0,0.0,0.8,0.0,0.0,0.0,1.0
-0.8000000000000003,0.65,0.7071067811865476,-0.7071067811865475,0.1284273642431388,2.4878578142034495,-0.4667612691811671,-3.406664533738,1.8723447559691273,-0.053178398288007266,1.3403918648880364,0.5361087153437551,0.0,0.0,0.0,0.1913879475293727,-0.29119531218392886,-0.21953699434052024,0.3770062137180288,0.9746878403569423,-0.4055683838242894,0.40556849726207417,-0.5792358459624343,0.5792359750765831,0.0,0.0,0.8,0.0,0.0,0.0,1.0
-0.8000000000000003,0.65,0.7071067811865476,-0.7071067811865475,0.1637571995856461,2.603595635230811,-0.26104350788032676,-3.4050915275164018,1.7260903291166985,-0.21109638503415196,1.343030859414,0.5181985560827036,0.0,0.0,0.0,0.2627980811122328,-0.20507436586855723,-0.21934646241698996,0.43200001119634135,1.074162508275685,-0.4034202634098216,0.40341801020176515,-0.5807354164212847,0.5807343422161252,0.0,0.0,0.8,0.0,0.0,0.0,1.0
-0.8000000000000003,0.65,0.7071067811865476,-0.7071067811865475,0.16058699530147236,2.4776399479585907,-0.25740276439362847,-3.385422900598524,1.7320089519867579,-0.08424717819424506,1.343030859414,0.47672806423706515,0.0,0.0,0.0,0.19138797567047844,-0.1918128966830096,-0.21934705706165117,0.3770062458489897,1.074173169286076,-0.40341924224105996,0.403419082955807,-0.5807349045295024,0.5807348182758242,0.0,0.0,0.8,0.0,0.0,0.0,1.0
-0.8000000000000003,0.65,0.7071067811865476,-0.7071067811865475,0.24362262902601606,0.23849339559802293,0.020935620058592556,-1.319167598840162,1.4249718162389577,-1.2323861985251512,0.737390172354245,1.37235129882887,0.0,0.0,0.0,-0.27215197274544817,-0.5001356113017904,-0.4819999551150522,-0.027086894334286262,0.9126442889629828,0.7651444467691585,-1.8350145202318998e-06,2.6194601012646276e-06,0.6438586611734671,0.0,0.0,0.8,0.0,0.0,0.0,1.0
-0.8000000000000003,0.65,0.7071067811865476,-0.7071067811865475,0.2418991559347814,0.3340427267132461,0.009237842411335405,-1.3372941840843915,1.4028015402543381,-1.2180625337056286,0.6611881093692935,1.3646197206394373,0.0,0.0,0.0,-0.2126065082070026,-0.4818099042344149,-0.4270062273936769,-0.027088308512903444,0.9126459930273392,0.7651444946026879,1.192395189639124e-08,-1.0787905607585564e-08,0.6438586043373166,0.0,0.0,0.8,0.0,0.0,0.0,1.0
-0.8000000000000003,0.65,0.7071067811865476,-0.7071067811865475,0.32435988517020775,0.2358760526506185,0.046386958098355795,-1.338787116709186,1.4298451061377133,-1.2364806595521898,0.7334222161359907,1.3662888248125489,0.0,0.0,0.0,-0.27215527133017003,-0.479692108668481,-0.4819999922361201,-0.02664238921093668,1.0097118038179034,0.7521282593250811,1.1877784106794005e-08,4.6552553290207714e-10,0.6590167535993476,0.0,0.0,0.8,0.0,0.0,0.0,1.0
-0.8000000000000003,0.65,0.7071067811865476,-0.7071067811865475,0.3226834541357909,0.3317732493367287,0.03597481655106038,-1.3547055268878727,1.4075686258628706,-1.223091422927472,0.6570660082334517,1.3592896728354884,0.0,0.0,0.0,-0.21260650867119615,-0.4618634762788611,-0.42700622593255066,-0.026641312733790813,1.00972312582195,0.752128303663226,1.1434364723461275e-08,-1.0000293700923694e-08,0.6590167029967282,0.0,0.0,0.8,0.0,0.0,0.0,1.0
-0.8000000000000003,0.65,0.7071067811865476,-0.7071067811865475,0.34124999999999994,0.23337637108415596,0.159326707425141,-1.4189810332011714,1.4170015858657135,-1.2516922881643122,0.7377448228248936,1.3545986712541516,0.0,0.0,0.0,-0.2721584134526643,-0.3869563189934371,-0.4819995758850999,-0.02604186046641619,1.0976227248903538,0.6957329102295335,3.825409075313988e-07,2.1935146073721708e-07,0.7183005760984389,0.0,0.0,0.8,0.0,0.0,0.0,1.0
-0.8000000000000003,0.65,0.7071067811865476,-0.7071067811865475,0.34124999999999994,0.3304734748825774,0.15216675214451603,-1.423602785863958,1.3942843653250905,-1.2433839915287699,0.6617913620328708,1.3488153451990281,0.0,0.0,0.0,-0.21260650933519096,-0.3733861282890645,-0.4270062202810283,-0.02603744007636473,1.0976385357096106,0.6957329352639081,1.520272520415354e-08,-1.2964915857696301e-08,0.718300551850732,0.0,0.0,0.8,0.0,0.0,0.0,1.0
-0.8000000000000003,0.65,0.7071067811865476,-0.7071067811865475,0.27684816199918655,0.10343561314362847,0.02222000727717187,-1.3179048937244964,1.8428526177297893,-1.0976914625019913,0.4735480320837955,1.50282792192506,0.0,0.0,0.0,-0.20109710670823625,-0.5895075948379941,-0.48200099252431255,0.06476970100736204,0.9357541250360089,0.8611223440252548,2.3324553013297017e-06,-3.2636579695725234e-07,0.5083977858084198,0.0,0.0,0.8,0.0,0.0,0.0,1.0
-0.8000000000000003,0.65,0.7071067811865476,-0.7071067811865475,0.2736994246930214,0.2109100394444595,-0.011680176812477166,-1.3554033434243102,1.821250212995964,-1.0783214965056072,0.37510039138411977,1.4838880864601312,0.0,0.0,0.0,-0.13772657773910596,-0.5632030373948952,-0.427006241140123,0.06479360416019045,0.9357466367062102,0.8611224332734059,4.0375611791033987e-08,-5.846463876859937e-08,0.5083976346456419,0.0,0.0,0.8,0.0,0.0,0.0,1.0
-0.8000000000000003,0.65,0.7071067811865476,-0.7071067811865475,0.34124999999999994,0.09576914756617522,0.06790360245060369,-1.368571374641617,1.8590519072068628,-1.108894287671406,0.4584879624981927,1.4878946343106156,0.0,0.0,0.0,-0.2010753458390438,-0.5503754677232059,-0.481999776894003,0.06771312637299898,1.0298209052413247,0.8376355410996916,3.3539479099272965e-07,5.31903090609835e-09,0.5462295307711899,0.0,0.0,0.8,0.0,0.0,0.0,1.0
-0.8000000000000003,0.65,0.7071067811865476,-0.7071067811865475,0.34124999999999994,0.20582213239361344,0.03135402075034169,-1.3968373742444973,1.8357861579107133,-1.0942021308191023,0.360277904437244,1.4658734353214917,0.0,0.0,0.0,-0.1377265756455302,-0.5282840940627963,-0.42700622587160564,0.06771639799033838,1.0298416508282084,0.8376356280435886,5.8706182342734916e-08,-8.039224131927626e-08,0.5462293974439795,0.0,0.0,0.8,0.0,0.0,0.0,1.0
-0.8000000000000003,0.65,0.7071067811865476,-0.7071067811865475,0.34124999999999994,0.08348529150116374,0.20646730329980045,-1.5035782120947965,1.8501788688724794,-1.1408104434871964,0.45543729238825875,1.4625500079136746,0.0,0.0,0.0,-0.20107619983675146,-0.4308152132775228,-0.48199971089712235,0.07296133042145725,1.1123205704306829,0.7637539245484994,3.650824976471027e-07,9.358063705127886e-08,0.6455075078855574,0.0,0.0,0.8,0.0,0.0,0.0,1.0
-0.8000000000000003,0.65,0.7071067811865476,-0.7071067811865475,0.34124999999999994,0.19732850863057932,0.18700479258179056,-1.5148759770781706,1.828492426318405,-1.1299826324454911,0.35792854370826654,1.4473067104242814,0.0,0.0,0.0,-0.13772657666164964,-0.4123370636226217,-0.42700620800126576,0.07296561037209796,1.1123313153858405,0.7637539810366716,5.153767989798727e-08,-5.1746109606255134e-08,0.6455074410497762,0.0,0.0,0.8,0.0,0.0,0.0,1.0
-0.8000000000000003,0.65,0.7071067811865476,-0.7071067811865475,0.34124999999999994,0.06872233929725002,0.12458281020816485,-1.2223719694450397,2.0974336008562715,-0.5849116616474006,0.4123571329835944,1.728226203029462,0.0,0.0,0.0,-0.11084098918992802,-0.7207592938957081,-0.48199973374089683,0.12351741513671027,0.9701580864744707,0.9869542573354211,2.417037741343418e-07,5.255795557764521e-08,0.16100091281550602,0.0,0.0,0.8,0.0,0.0,0.0,1.0
-0.8000000000000003,0.65,0.7071067811865476,-0.7071067811865475,0.34124999999999994,0.17388768391042736,0.011246294994788311,-1.2969919041759865,2.065592035467212,-0.5246507267274549,0.26611153951431227,1.6368227361844148,0.0,0.0,0.0,-0.044684123179129114,-0.6887975479210852,-0.4270063399435341,0.12351767101046984,0.9701634275649477,0.9869543408422845,2.569334316635566e-07,-3.4356265804545173e-07,0.16100040090753703,0.0,0.0,0.8,0.0,0.0,0.0,1.0
-0.8000000000000003,0.65,0.7071067811865476,-0.7071067811865475,0.34124999999999994,0.06872233929725002,0.5610126896239268,-1.256383086971032,2.182530283387308,-0.1846336706618128,0.6129900407119098,1.4630611338534218,0.0,0.0,0.0,-0.11084108564801914,-0.6103366014007777,-0.4819980023506468,0.13869140793562762,1.0630790563355255,0.9623995360079189,1.3162358096418443e-06,7.552853480361166e-07,0.27163787123565686,0.0,0.0,0.8,0.0,0.0,0.0,1.0
-0.8000000000000003,0.65,0.7071067811865476,-0.7071067811865475,0.34124999999999994,0.1924807294764354,0.5077529537380188,-1.2844269512215662,2.155162295556827,-0.021665074466375403,0.5178314674125153,1.3121801164996458,0.0,0.0,0.0,-0.04468410268135165,-0.5806273500951542,-0.4270061688231279,0.1386913366158146,1.0630791811211076,0.9623996430736909,5.743504012824752e-07,-4.341396057080793e-07,0.27163749190992403,0.0,0.0,0.8,0.0,0.0,0.0,1.0
-0.8000000000000003,0.65,0.7071067811865476,-0.7071067811865475,0.34124999999999994,0.06872233929725002,0.9841583495176022,-1.2042584599073995,2.215752117965527,0.018844065943986913,0.8963870437859108,1.0829318340650964,0.0,0.0,0.0,-0.11084120177442555,-0.4818131463045746,-0.4819995957707802,0.1643380328111022,1.1365569330009344,0.8643067239912978,3.128671281513618e-07,2.688002237352233e-07,0.5029650950744597,0.0,0.0,0.8,0.0,0.0,0.0,1.0
-0.8000000000000003,0.65,0.7071067811865476,-0.7071067811865475,0.34124999999999994,0.2104349457732711,0.9652414618683998,-1.1969605693729264,2.1928408339797665,0.14905659524997852,0.819496444090303,0.997326978008693,0.0,0.0,0.0,-0.044684136563569704,-0.45639197747673915,-0.4270061593874025,0.1643384244389887,1.1365596646318703,0.8643068482165432,3.1311401181569026e-07,-2.138430902159798e-07,0.502964881602922,0.0,0.0,0.8,0.0,0.0,0.0,1.0
Number of edges: 1280
0,1
1,0
0,2
2,0
0,3
3,0
0,4
4,0
1,2
2,1
1,5
5,1
1,4
4,1
2,5
5,2
2,6
6,2
5,6
6,5
5,7
7,5
6,7
7,6
6,3
3,6
7,3
3,7
7,4
4,7
3,4
4,3
0,8
8,0
8,9
9,8
0,10
10,0
10,11
11,10
0,12
12,0
12,13
13,12
0,14
14,0
14,15
15,14
0,16
16,0
16,17
17,16
0,18
18,0
18,19
19,18
0,20
20,0
20,21
21,20
0,22
22,0
22,23
23,22
0,24
24,0
24,25
25,24
8,10
10,8
8,12
12,8
8,14
14,8
8,16
16,8
8,18
18,8
8,20
20,8
8,22
22,8
8,24
24,8
10,12
12,10
10,14
14,10
10,16
16,10
10,18
18,10
10,20
20,10
10,22
22,10
10,24
24,10
12,14
14,12
12,16
16,12
12,18
18,12
12,20
20,12
12,22
22,12
12,24
24,12
14,16
16,14
14,18
18,14
14,20
20,14
14,22
22,14
14,24
24,14
16,18
18,16
16,20
20,16
16,22
22,16
16,24
24,16
18,20
20,18
18,22
22,18
18,24
24,18
20,22
22,20
20,24
24,20
22,24
24,22
1,26
26,1
26,27
27,26
1,28
28,1
28,29
29,28
1,30
30,1
30,31
31,30
1,32
32,1
32,33
33,32
1,34
34,1
34,35
35,34
1,36
36,1
36,37
37,36
1,38
38,1
38,39
39,38
1,40
40,1
40,41
41,40
1,42
42,1
42,43
43,42
1,44
44,1
44,45
45,44
1,46
46,1
46,47
47,46
1,48
48,1
48,49
49,48
1,50
50,1
50,51
51,50
1,52
52,1
52,53
53,52
1,54
54,1
54,55
55,54
1,56
56,1
56,57
57,56
1,58
58,1
58,59
59,58
1,60
60,1
60,61
61,60
26,28
28,26
26,30
30,26
26,32
32,26
26,34
34,26
26,36
36,26
26,38
38,26
26,40
40,26
26,42
42,26
28,30
30,28
28,32
32,28
28,34
34,28
28,36
36,28
28,38
38,28
28,40
40,28
28,42
42,28
30,32
32,30
30,34
34,30
30,36
36,30
30,38
38,30
30,40
40,30
30,42
42,30
32,34
34,32
32,36
36,32
32,38
38,32
32,40
40,32
32,42
42,32
34,36
36,34
34,38
38,34
34,40
40,34
34,42
42,34
36,38
38,36
36,40
40,36
36,42
42,36
38,40
40,38
38,42
42,38
40,42
42,40
44,46
46,44
44,48
48,44
44,50
50,44
44,52
52,44
44,54
54,44
44,56
56,44
44,58
58,44
44,60
60,44
46,48
48,46
46,50
50,46
46,52
52,46
46,54
54,46
46,56
56,46
46,58
58,46
46,60
60,46
48,50
50,48
48,52
52,48
48,54
54,48
48,56
56,48
48,58
58,48
48,60
60,48
50,52
52,50
50,54
54,50
50,56
56,50
50,58
58,50
50,60
60,50
52,54
54,52
52,56
56,52
52,58
58,52
52,60
60,52
54,56
56,54
54,58
58,54
54,60
60,54
56,58
58,56
56,60
60,56
58,60
60,58
2,62
62,2
62,63
63,62
2,64
64,2
64,65
65,64
2,66
66,2
66,67
67,66
2,68
68,2
68,69
69,68
2,70
70,2
70,71
71,70
2,72
72,2
72,73
73,72
2,74
74,2
74,75
75,74
2,76
76,2
76,77
77,76
2,78
78,2
78,79
79,78
2,80
80,2
80,81
81,80
2,82
82,2
82,83
83,82
2,84
84,2
84,85
85,84
62,64
64,62
62,66
66,62
62,68
68,62
62,70
70,62
62,72
72,62
62,74
74,62
62,76
76,62
62,78
78,62
62,80
80,62
62,82
82,62
62,84
84,62
64,66
66,64
64,68
68,64
64,70
70,64
64,72
72,64
64,74
74,64
64,76
76,64
64,78
78,64
64,80
80,64
64,82
82,64
64,84
84,64
66,68
68,66
66,70
70,66
66,72
72,66
66,74
74,66
66,76
76,66
66,78
78,66
66,80
80,66
66,82
82,66
66,84
84,66
68,70
70,68
68,72
72,68
68,74
74,68
68,76
76,68
68,78
78,68
68,80
80,68
68,82
82,68
68,84
84,68
70,72
72,70
70,74
74,70
70,76
76,70
70,78
78,70
70,80
80,70
70,82
82,70
70,84
84,70
72,74
74,72
72,76
76,72
72,78
78,72
72,80
80,72
72,82
82,72
72,84
84,72
74,76
76,74
74,78
78,74
74,80
80,74
74,82
82,74
74,84
84,74
76,78
78,76
76,80
80,76
76,82
82,76
76,84
84,76
78,80
80,78
78,82
82,78
78,84
84,78
80,82
82,80
80,84
84,80
82,84
84,82
5,86
86,5
86,87
87,86
5,88
88,5
88,89
89,88
5,90
90,5
90,91
91,90
5,92
92,5
92,93
93,92
5,94
94,5
94,95
95,94
5,96
96,5
96,97
97,96
5,98
98,5
98,99
99,98
5,100
100,5
100,101
101,100
5,102
102,5
102,103
103,102
5,104
104,5
104,105
105,104
5,106
106,5
106,107
107,106
86,88
88,86
86,94
94,86
88,94
94,88
90,92
92,90
90,94
94,90
90,96
96,90
90,98
98,90
90,100
100,90
90,102
102,90
90,104
104,90
90,106
106,90
92,94
94,92
92,96
96,92
92,98
98,92
92,100
100,92
92,102
102,92
92,104
104,92
92,106
106,92
94,96
96,94
94,98
98,94
94,100
100,94
94,102
102,94
94,104
104,94
94,106
106,94
96,98
98,96
96,100
100,96
96,102
102,96
96,104
104,96
96,106
106,96
98,100
100,98
98,102
102,98
98,104
104,98
98,106
106,98
100,102
102,100
100,104
104,100
100,106
106,100
102,104
104,102
102,106
106,102
104,106
106,104
6,108
108,6
108,109
109,108
6,110
110,6
110,111
111,110
6,112
112,6
112,113
113,112
6,114
114,6
114,115
115,114
6,116
116,6
116,117
117,116
6,118
118,6
118,119
119,118
6,120
120,6
120,121
121,120
6,122
122,6
122,123
123,122
6,124
124,6
124,125
125,124
108,110
110,108
108,112
112,108
108,114
114,108
108,116
116,108
108,118
118,108
108,120
120,108
108,122
122,108
108,124
124,108
110,112
112,110
110,114
114,110
110,116
116,110
110,118
118,110
110,120
120,110
110,122
122,110
110,124
124,110
112,114
114,112
112,116
116,112
112,118
118,112
112,120
120,112
112,122
122,112
112,124
124,112
114,116
116,114
114,118
118,114
114,120
120,114
114,122
122,114
114,124
124,114
116,118
118,116
116,120
120,116
116,122
122,116
116,124
124,116
118,120
120,118
118,122
122,118
118,124
124,118
120,122
122,120
120,124
124,120
122,124
124,122
7,126
126,7
126,127
127,126
7,128
128,7
128,129
129,128
7,130
130,7
130,131
131,130
7,132
132,7
132,133
133,132
7,134
134,7
134,135
135,134
7,136
136,7
136,137
137,136
7,138
138,7
138,139
139,138
7,140
140,7
140,141
141,140
7,142
142,7
142,143
143,142
7,144
144,7
144,145
145,144
7,146
146,7
146,147
147,146
7,148
148,7
148,149
149,148
7,150
150,7
150,151
151,150
7,152
152,7
152,153
153,152
7,154
154,7
154,155
155,154
7,156
156,7
156,157
157,156
7,158
158,7
158,159
159,158
7,160
160,7
160,161
161,160
126,128
128,126
126,130
130,126
126,132
132,126
126,134
134,126
126,136
136,126
126,138
138,126
126,140
140,126
126,142
142,126
128,130
130,128
128,132
132,128
128,134
134,128
128,136
136,128
128,138
138,128
128,140
140,128
128,142
142,128
130,132
132,130
130,134
134,130
130,136
136,130
130,138
138,130
130,140
140,130
130,142
142,130
132,134
134,132
132,136
136,132
132,138
138,132
132,140
140,132
132,142
142,132
134,136
136,134
134,138
138,134
134,140
140,134
134,142
142,134
136,138
138,136
136,140
140,136
136,142
142,136
138,140
140,138
138,142
142,138
140,142
142,140
144,146
146,144
144,148
148,144
144,150
150,144
144,152
152,144
144,154
154,144
144,156
156,144
144,158
158,144
144,160
160,144
146,148
148,146
146,150
150,146
146,152
152,146
146,154
154,146
146,156
156,146
146,158
158,146
146,160
160,146
148,150
150,148
148,152
152,148
148,154
154,148
148,156
156,148
148,158
158,148
148,160
160,148
150,152
152,150
150,154
154,150
150,156
156,150
150,158
158,150
150,160
160,150
152,154
154,152
152,156
156,152
152,158
158,152
152,160
160,152
154,156
156,154
154,158
158,154
154,160
160,154
156,158
158,156
156,160
160,156
158,160
160,158
3,162
162,3
162,163
163,162
3,164
164,3
164,165
165,164
3,166
166,3
166,167
167,166
3,168
168,3
168,169
169,168
3,170
170,3
170,171
171,170
3,172
172,3
172,173
173,172
3,174
174,3
174,175
175,174
3,176
176,3
176,177
177,176
3,178
178,3
178,179
179,178
3,180
180,3
180,181
181,180
3,182
182,3
182,183
183,182
3,184
184,3
184,185
185,184
162,164
164,162
162,166
166,162
162,168
168,162
162,170
170,162
162,172
172,162
162,174
174,162
162,176
176,162
162,178
178,162
162,180
180,162
162,182
182,162
162,184
184,162
164,166
166,164
164,168
168,164
164,170
170,164
164,172
172,164
164,174
174,164
164,176
176,164
164,178
178,164
164,180
180,164
164,182
182,164
164,184
184,164
166,168
168,166
166,170
170,166
166,172
172,166
166,174
174,166
166,176
176,166
166,178
178,166
166,180
180,166
166,182
182,166
166,184
184,166
168,170
170,168
168,172
172,168
168,174
174,168
168,176
176,168
168,178
178,168
168,180
180,168
168,182
182,168
168,184
184,168
170,172
172,170
170,174
174,170
170,176
176,170
170,178
178,170
170,180
180,170
170,182
182,170
170,184
184,170
172,174
174,172
172,176
176,172
172,178
178,172
172,180
180,172
172,182
182,172
172,184
184,172
174,176
176,174
174,178
178,174
174,180
180,174
174,182
182,174
174,184
184,174
176,178
178,176
176,180
180,176
176,182
182,176
176,184
184,176
178,180
180,178
178,182
182,178
178,184
184,178
180,182
182,180
180,184
184,180
182,184
184,182
4,186
186,4
186,187
187,186
4,188
188,4
188,189
189,188
4,190
190,4
190,191
191,190
4,192
192,4
192,193
193,192
4,194
194,4
194,195
195,194
4,196
196,4
196,197
197,196
4,198
198,4
198,199
199,198
4,200
200,4
200,201
201,200
4,202
202,4
202,203
203,202
4,204
204,4
204,205
205,204
4,206
206,4
206,207
207,206
186,188
188,186
190,192
192,190
190,194
194,190
190,196
196,190
190,198
198,190
190,200
200,190
190,202
202,190
190,204
204,190
190,206
206,190
192,194
194,192
192,196
196,192
192,198
198,192
192,200
200,192
192,202
202,192
192,204
204,192
192,206
206,192
194,196
196,194
194,198
198,194
194,200
200,194
194,202
202,194
194,204
204,194
194,206
206,194
196,198
198,196
196,200
200,196
196,202
202,196
196,204
204,196
196,206
206,196
198,200
200,198
198,202
202,198
198,204
204,198
198,206
206,198
200,202
202,200
200,204
204,200
200,206
206,200
202,204
204,202
202,206
206,202
204,206
206,204
